1 2.375 4.185 1000 40
2 5.391 4.363 1000 40
3 4.744 3.145 1000 40
4 6.102 5.927 1000 40
5 2.565 2.883 1000 40
6 6.784 3.324 1000 40
7 7.02 6.548 1000 40
8 4.105 4.742 1000 40
9 7.199 4.903 1000 40
10 2.969 3.926 1000 40
11 3.999 2.213 1000 40
12 5.61 2.275 1000 40
13 5.631 6.543 1000 40
14 5.261 5.925 1000 40
15 4.881 4.971 1000 40
16 6.438 4.366 1000 40
17 2.597 3.407 1000 40
18 6.845 2.147 1000 40
19 3.13 4.646 1000 40
20 3.369 2.573 1000 40
21 3.535 3.949 1000 40
22 5.937 4.918 1000 40
23 5.139 3.849 1000 40
24 4.317 2.617 1000 40
25 5.281 2.667 1000 40
26 2.601 2.359 1000 40
27 4.263 3.779 1000 40
28 4.72 6.707 1000 40
29 5.472 3.288 1000 40
30 2.615 4.813 1000 40
31 6.745 6.29 1000 40
32 6.294 2.853 1000 40
33 4.845 4.35 1000 40
34 6.769 5.281 1000 40
