6 
[5.0597737  4.47681288] 
[4.89994673 2.87645409] 
[5.71399953 4.02699998] 
[3.15877705 4.35380189] 
[3.03801058 3.05021882] 
[6.45090933 4.27548582] 
7 
[4.85115393 2.87297563] 
[3.08095765 3.00910468] 
[5.21239342 4.13604005] 
[6.04306947 6.20042957] 
[6.56931978 4.79178006] 
[2.99680398 4.25922347] 
8 
[6.50911682 5.25116899] 
[4.66221216 3.46628248] 
[3.25390357 4.30809006] 
[2.74088183 2.97493159] 
[6.70346811 3.37540926] 
[5.36215941 2.72476533] 
[5.49244298 6.23035238] 
9 
[5.08242659 4.22022669] 
[2.63707068 2.82432996] 
[6.56931978 4.79178006] 
[6.64300024 3.0420002 ] 
[4.56893496 4.94066962] 
[6.21998874 6.25864719] 
[4.14680838 2.62951091] 
[5.34542293 2.72795042] 
[2.99316506 4.25378151] 
10 
[4.3839601  4.62169386] 
[5.33077894 2.67724992] 
[5.51808058 6.20786329] 
[2.99316506 4.25378151] 
[6.64300024 3.0420002 ] 
[6.56736401 4.78530309] 
[6.91236328 6.38482284] 
[5.21915636 4.19754328] 
[2.63707068 2.82432996] 
[4.14680838 2.62951091] 
11 
[6.89229523 6.38222381] 
[4.83295618 4.49800691] 
[6.22955733 2.60787661] 
[2.63707068 2.82432996] 
[2.99680398 4.25922347] 
[5.94861729 4.85554907] 
[4.11599985 2.56400013] 
[5.46721635 6.21727475] 
[7.0105939  4.89803691] 
[5.14043278 3.17918624] 
[6.42758038 4.08396113] 
12 
[2.9817294  4.69031752] 
[7.0105939  4.89803691] 
[5.27415094 2.88398429] 
[5.19683036 6.04947281] 
[4.86854973 4.43496559] 
[2.65703114 2.73447486] 
[6.64300024 3.0420002 ] 
[6.9540008  6.42999961] 
[4.11794172 2.57714024] 
[5.88968362 5.99971644] 
[2.92756227 3.97866876] 
[6.06987674 4.6008028 ] 
13 
[5.04100016 5.96400001] 
[2.7806088  4.26903736] 
[5.13937624 3.65521065] 
[6.9540008  6.42999961] 
[7.0105939  4.89803691] 
[5.37379537 2.56419541] 
[6.64300081 3.04199922] 
[4.03201668 4.3388286 ] 
[4.11599985 2.56400013] 
[5.8398394  6.08762231] 
[2.65012094 2.76667152] 
[6.12848783 4.51104017] 
[5.05914592 4.57587958] 
14 
[5.00116805 3.65903162] 
[5.53718276 6.17780231] 
[2.5237184 3.5729991] 
[7.0105939  4.89803691] 
[4.84785367 2.57594742] 
[5.08428289 4.55377806] 
[6.9048585  2.24832983] 
[2.82868746 2.54205368] 
[2.73083009 4.56847252] 
[6.95399967 6.43000018] 
[6.46190716 3.30561121] 
[4.13842614 4.69079679] 
[3.36282296 4.1026763 ] 
[6.11425329 4.55011163] 
15 
[6.64300024 3.0420002 ] 
[3.7274741  3.99032162] 
[6.02332331 4.65257181] 
[5.20543279 4.1000722 ] 
[4.56525444 3.01531406] 
[2.53824327 3.20441435] 
[6.96717991 4.84540256] 
[2.74159311 4.44657701] 
[5.85314529 6.06342229] 
[5.381188   2.61667246] 
[5.06124995 5.96851961] 
[2.75700072 2.40299922] 
[6.9540008  6.42999961] 
[4.05899985 2.53400008] 
[4.59931815 4.80328191] 
16 
[6.0021545  4.73615444] 
[4.17671718 2.6497695 ] 
[2.6680611  2.58138682] 
[3.9249311  4.25210878] 
[5.17899816 3.97499851] 
[5.45205232 2.49607795] 
[4.74799949 6.63700045] 
[6.74205852 2.8422978 ] 
[2.78430174 4.54388274] 
[6.9540008  6.42999961] 
[7.0105939  4.89803691] 
[2.59457425 3.62804717] 
[5.6413114  6.10470442] 
[4.99108999 4.72660446] 
[6.5557102  3.98745766] 
[5.2197236  3.19682363] 
17 
[5.45205232 2.49607795] 
[5.12270374 4.58258456] 
[2.4490002  3.71600005] 
[7.0105939  4.89803691] 
[5.39947045 6.2425797 ] 
[4.53139624 2.95978654] 
[4.13291338 4.7772685 ] 
[2.68069468 2.6405143 ] 
[6.9540008  6.42999961] 
[6.12301441 4.59457005] 
[3.32775049 4.01665861] 
[6.64301281 3.04200666] 
[5.22822587 3.62006836] 
[6.0531899  5.86381094] 
[4.40000272 3.97000291] 
[2.74770828 4.56577492] 
[4.05899985 2.53400008] 
18 
[5.10379142 3.23189874] 
[6.00979745 5.87317296] 
[2.37383701 4.13740422] 
[5.12099733 4.29899897] 
[6.70641998 3.20178949] 
[2.6680611  2.58138682] 
[7.0105939  4.89803691] 
[6.9540008  6.42999961] 
[6.12301441 4.59457005] 
[2.94188741 4.58713055] 
[4.11599985 2.56400013] 
[3.72671867 3.95998308] 
[6.84290291 2.16831691] 
[5.45205232 2.49607795] 
[5.05543789 5.23826072] 
[5.61399992 6.59899991] 
[4.22725562 4.8803437 ] 
[2.61799999 3.45599975] 
19 
[3.18607375 4.26301092] 
[6.12301441 4.59457005] 
[6.2389999  2.92399927] 
[5.61399994 6.59900032] 
[2.75700072 2.40299922] 
[4.17671718 2.6497695 ] 
[5.06592022 4.65553873] 
[6.95399967 6.43000018] 
[7.0105939  4.89803691] 
[4.02081417 3.95520961] 
[2.53824327 3.20441435] 
[5.2197236  3.19682363] 
[5.17769415 3.93251448] 
[2.47926771 4.38137151] 
[6.84290291 2.16831691] 
[5.60999994 5.90700312] 
[5.41821062 2.50430897] 
[6.83928501 3.36315241] 
[4.15137564 4.85563174] 
20 
[5.41821062 2.50430897] 
[4.37372919 4.85941826] 
[2.55941436 3.13944167] 
[6.96346429 4.89978963] 
[4.56525444 3.01531406] 
[6.9540008  6.42999961] 
[5.8398394  6.08762231] 
[2.58014711 4.8183916 ] 
[5.12099987 4.29900048] 
[6.89214891 3.31088636] 
[2.75700072 2.40299922] 
[6.64094805 2.43337489] 
[5.89900483 4.83405057] 
[4.05899985 2.53400008] 
[6.440626   4.17934324] 
[3.78578691 3.93592051] 
[3.13810603 4.4775131 ] 
[2.37700248 4.11499931] 
[5.04100016 5.96400001] 
[5.34042575 3.30905987] 
