61 
[4.13400064 3.25499953] 
[6.7140007  5.42300054] 
[5.93508154 4.91648053] 
[3.53123921 4.20588371] 
[2.50099975 3.22500012] 
[6.23897522 2.92395725] 
[5.74410536 6.70902969] 
[5.15331123 3.78628587] 
[4.15758948 4.97406461] 
[2.34800085 4.35000005] 
[2.43200338 2.44800225] 
[6.87264267 6.19986627] 
[6.48800031 4.2210001 ] 
[5.17700001 4.88900015] 
[6.84290291 2.16831691] 
[3.20499532 2.51499262] 
[5.31242433 2.54264472] 
[4.11116684 2.57390627] 
[5.08600729 5.70248924] 
[7.34299997 3.02099979] 
[6.2688085  6.07403786] 
[3.11914904 4.50201104] 
[5.17900179 3.97500244] 
[7.10599967 4.66199997] 
[6.46599855 3.34300312] 
[4.6779995  4.27900064] 
[5.55900011 6.27200023] 
[5.23899965 3.15899978] 
[2.91099997 3.85099994] 
[5.60843079 2.36081527] 
[4.21800197 3.81400086] 
[2.51899989 4.99299989] 
[4.74799949 6.63700045] 
[4.07399989 2.18499996] 
[6.57500064 4.99599949] 
[6.22399944 5.59300062] 
[5.7245 4.2095] 
[4.09772116 4.37308331] 
[3.55382773 3.72843552] 
[3.29900177 5.05599961] 
[4.81806922 4.9980218 ] 
[5.76600039 3.57199988] 
[4.68399989 2.32700055] 
[4.67800017 3.16300003] 
[2.7746976  2.97415551] 
[5.85199918 5.95399921] 
[7.01299694 6.64600207] 
[6.21500006 4.29299905] 
[3.5879997  2.83199999] 
[2.64677908 2.27310936] 
[7.21621508 5.17420729] 
[5.03290564 4.3658585 ] 
[2.59966271 3.45939539] 
[5.30092082 4.56850034] 
[7.00699964 3.59800026] 
[6.51000035 6.494     ] 
[2.73300008 4.52000002] 
[2.3494505  2.84876633] 
[7.13625856 6.46829266] 
[6.6429996  3.04199946] 
[2.37699482 4.11498983] 
62 
[7.19511305 5.1793377 ] 
[4.8570002  3.27799949] 
[2.3494505  2.84876633] 
[4.25100007 4.93899972] 
[5.55900011 6.27200023] 
[2.49999964 4.36600043] 
[6.6429996  3.04199946] 
[5.30092082 4.56850034] 
[6.87264267 6.19986627] 
[4.11116684 2.57390627] 
[3.72099975 3.84200008] 
[5.31242433 2.54264472] 
[6.82499945 4.19799982] 
[5.76599994 3.57200036] 
[5.85199918 5.95399921] 
[6.22999978 5.08200085] 
[5.20213313 4.12118257] 
[2.3769993  4.11500045] 
[4.74799949 6.63700045] 
[6.84290291 2.16831691] 
[2.60835846 2.32183659] 
[2.53528282 3.50228607] 
[7.00699964 3.59800026] 
[3.95799963 4.86699963] 
[4.21800197 3.81400086] 
[5.07699962 5.6820001 ] 
[4.93694618 4.4512068 ] 
[3.11857509 4.34748545] 
[7.10931821 6.48704059] 
[6.28000005 6.13099991] 
[3.22562447 2.51620835] 
[5.30587456 3.16938343] 
[4.68399989 2.32700055] 
[6.48799949 4.22099969] 
[7.10599967 4.66199997] 
[4.09715554 4.33298085] 
[2.7746976  2.97415551] 
[6.71400029 5.42300058] 
[7.34299997 3.02099979] 
[2.91099997 3.85099994] 
[2.51899989 4.99299989] 
[6.0719997 4.3490001] 
[3.29900032 5.05599974] 
[5.87400067 4.85600011] 
[5.1755904  3.80788236] 
[6.46599855 3.34300312] 
[5.09716543 5.05032106] 
[4.13400064 3.25499953] 
[5.60843079 2.36081527] 
[4.07399989 2.18499996] 
[5.74410536 6.70902969] 
[6.08100063 5.77599975] 
[4.55057187 3.09594615] 
[6.23897522 2.92395725] 
[4.73199954 4.91399978] 
[6.78799923 6.84399767] 
[3.55199784 3.7249991 ] 
[3.61599999 4.26199908] 
[6.57500064 4.99599949] 
[4.83399977 4.07200019] 
[2.94000034 4.72899996] 
[5.04099994 5.96400004] 
63 
[5.38599977 3.27899982] 
[5.17700001 4.88900015] 
[2.5956591  3.36265998] 
[6.22399944 5.59300062] 
[6.5389431  2.95031542] 
[2.51899989 4.99299989] 
[3.51164753 2.66129974] 
[6.37743467 4.16735171] 
[5.55900011 6.27200023] 
[6.78800023 6.84399983] 
[3.55382773 3.72843552] 
[4.70888017 4.43927109] 
[7.19511305 5.1793377 ] 
[2.44138642 2.3133257 ] 
[4.83600004 2.82000032] 
[4.25100007 4.93899972] 
[6.84290291 2.16831691] 
[5.60843079 2.36081527] 
[3.1460731  4.25021926] 
[6.81297453 6.23337669] 
[6.22999978 5.08200085] 
[2.36462537 4.13132224] 
[5.16300124 3.82800012] 
[7.00699964 3.59800026] 
[7.10599967 4.66199997] 
[4.11116684 2.57390627] 
[4.21800197 3.81400086] 
[5.74410536 6.70902969] 
[4.74799949 6.63700045] 
[5.71158458 4.30812537] 
[3.29900177 5.05599961] 
[2.80880588 2.38508859] 
[5.31242433 2.54264472] 
[4.49799962 3.35599986] 
[6.2688085  6.07403786] 
[6.71400029 5.42300058] 
[5.08600729 5.70248924] 
[5.80400059 5.02699989] 
[6.57500311 4.99599751] 
[6.46599855 3.34300312] 
[5.85199918 5.95399921] 
[4.81806922 4.9980218 ] 
[7.34299997 3.02099979] 
[2.3494505  2.84876633] 
[3.11800058 4.51200004] 
[6.82499945 4.19799982] 
[4.07399989 2.18499996] 
[3.61599999 4.26199908] 
[4.103  4.2685] 
[6.02797053 4.6132666 ] 
[2.44900028 3.71599981] 
[5.11538101 4.31986773] 
[2.81574908 3.02134673] 
[2.91099997 3.85099994] 
[4.0698188  4.67513926] 
[7.10931821 6.48704059] 
[4.67799989 3.16299959] 
[4.84714647 3.90972648] 
[5.15753677 3.09147046] 
[5.76600039 3.57199988] 
[4.68399989 2.32700055] 
[5.37499978 4.6370008 ] 
[2.73299954 4.51999957] 
64 
[2.44900028 3.71599981] 
[5.30092082 4.56850034] 
[6.2688085  6.07403786] 
[5.16299951 2.53699992] 
[7.34299997 3.02099979] 
[4.103  4.2685] 
[7.10599872 4.66199991] 
[3.20499723 2.51499614] 
[5.55900011 6.27200023] 
[5.33600023 3.70799847] 
[4.29300016 2.75200015] 
[2.51899989 4.99299989] 
[3.53123921 4.20588371] 
[6.96976496 6.43127546] 
[6.46599855 3.34300312] 
[2.44138642 2.3133257 ] 
[6.84290291 2.16831691] 
[4.732     4.9139997] 
[6.22999856 5.08199996] 
[6.21500006 4.29299905] 
[4.67800011 3.16300016] 
[4.74799949 6.63700045] 
[3.95799963 4.86699963] 
[6.57500162 4.99600029] 
[2.81574908 3.02134673] 
[5.87399994 4.85599936] 
[3.32900037 3.68999988] 
[5.23899965 3.15899978] 
[5.08600729 5.70248924] 
[4.83399977 4.07200019] 
[4.07399989 2.18499996] 
[5.60843079 2.36081527] 
[7.19511305 5.1793377 ] 
[3.29899962 5.05599979] 
[6.5389431  2.95031542] 
[2.73300008 4.52000002] 
[5.74410536 6.70902969] 
[4.21800197 3.81400086] 
[2.3494505  2.84876633] 
[2.36554529 4.14208728] 
[5.18032859 3.93318161] 
[5.85199918 5.95399921] 
[3.5879997  2.83199999] 
[6.71400029 5.42300058] 
[7.00699964 3.59800026] 
[3.12077362 4.45505133] 
[6.48800031 4.2210001 ] 
[6.22399944 5.59300062] 
[5.01111735 4.3911372 ] 
[2.91099986 3.85099975] 
[5.71399953 4.02699998] 
[2.75700023 2.40299977] 
[2.5956591  3.36265998] 
[4.68399989 2.32700055] 
[5.09716543 5.05032106] 
[4.26100059 4.58400015] 
[4.10502912 2.56880438] 
[3.61700036 3.78399981] 
[6.51000035 6.494     ] 
[7.35400018 4.68399978] 
[5.37899893 2.56900052] 
[4.13400064 3.25499953] 
[6.53499977 4.79799959] 
[4.25100007 4.93899972] 
65 
[5.49499988 2.72499924] 
[5.85199918 5.95399921] 
[3.28700012 4.17900008] 
[5.22199922 4.10399972] 
[2.3494505  2.84876633] 
[6.7140007  5.42300054] 
[7.34299997 3.02099979] 
[4.11157997 2.5809408 ] 
[4.26099978 4.58399969] 
[7.06742244 6.51161723] 
[2.36554529 4.14208728] 
[6.48800031 4.2210001 ] 
[5.74410536 6.70902969] 
[2.51899989 4.99299989] 
[5.92200468 4.68499819] 
[4.95500017 5.19499945] 
[3.51164753 2.66129974] 
[6.84290291 2.16831691] 
[2.53528282 3.50228607] 
[2.43200338 2.44800225] 
[4.21800197 3.81400086] 
[7.21621508 5.17420729] 
[6.6429996  3.04199946] 
[3.29900177 5.05599961] 
[5.1755904  3.80788236] 
[5.08600729 5.70248924] 
[6.3331267  6.26475035] 
[5.23899965 3.15899978] 
[3.32900037 3.68999988] 
[4.74799949 6.63700045] 
[5.60843079 2.36081527] 
[6.46599855 3.34300312] 
[4.07399989 2.18499996] 
[7.00699964 3.59800026] 
[4.84299984 4.50099968] 
[7.10599967 4.66199997] 
[4.67800011 3.16300016] 
[2.73300157 4.52000019] 
[5.80400059 5.02699989] 
[5.07668592 4.36559718] 
[4.15758948 4.97406461] 
[2.81574908 3.02134673] 
[5.55900011 6.27200023] 
[6.57500311 4.99599751] 
[2.91100046 3.85100088] 
[5.18382997 2.54273886] 
[4.83399973 4.07199906] 
[6.22999978 5.08200085] 
[5.37499978 4.6370008 ] 
[4.732     4.9139997] 
[6.08100063 5.77599975] 
[2.8222738  2.42547699] 
[3.61700036 3.78399981] 
[6.21500006 4.29299905] 
[4.68399989 2.32700055] 
[4.13400064 3.25499953] 
[6.23897522 2.92395725] 
[4.103  4.2685] 
[3.61599999 4.26199908] 
[5.7245 4.2095] 
[6.87264267 6.19986627] 
[2.56000011 2.24599937] 
[3.11800162 4.51199464] 
[5.17700001 4.88900015] 
[5.76600039 3.57199988] 
66 
[2.68500012 2.95600033] 
[5.1755904  3.80788236] 
[5.55900011 6.27200023] 
[6.57500064 4.99599949] 
[2.95617104 4.59453111] 
[5.27846761 2.57194444] 
[6.2389999  2.92399927] 
[4.15758948 4.97406461] 
[6.87264267 6.19986627] 
[2.91099965 3.85100015] 
[4.07399989 2.18499996] 
[4.11157997 2.5809408 ] 
[4.84299984 4.50099968] 
[6.84290291 2.16831691] 
[6.95399999 4.64700019] 
[2.36554529 4.14208728] 
[6.83486173 3.41917306] 
[3.61599999 4.26199908] 
[6.08100063 5.77599975] 
[5.71399953 4.02699998] 
[5.3749999  4.63700017] 
[5.08600729 5.70248924] 
[6.7140007  5.42300054] 
[5.23899965 3.15899978] 
[4.74799949 6.63700045] 
[5.64299909 2.15699993] 
[6.33495322 4.20395046] 
[2.53528282 3.50228607] 
[4.83399973 4.07199906] 
[4.95499968 5.19499952] 
[3.5879997  2.83199999] 
[7.10931821 6.48704059] 
[7.34299997 3.02099979] 
[3.11749505 4.27910291] 
[2.35300047 2.20800024] 
[5.80400059 5.02699989] 
[4.67349847 3.16708111] 
[4.21800197 3.81400086] 
[3.55382773 3.72843552] 
[5.22199922 4.10399972] 
[6.46599855 3.34300312] 
[2.51899989 4.99299989] 
[3.29900177 5.05599961] 
[7.21621508 5.17420729] 
[4.68399989 2.32700055] 
[6.22999978 5.08200085] 
[6.82499945 4.19799982] 
[4.04200065 4.3359998 ] 
[5.85199918 5.95399921] 
[5.07668592 4.36559718] 
[4.732     4.9139997] 
[2.3494505  2.84876633] 
[7.23961881 4.68872672] 
[6.78800023 6.84399983] 
[5.74410536 6.70902969] 
[2.75699974 2.40299995] 
[5.92200069 4.6849993 ] 
[4.13400064 3.25499953] 
[3.20499723 2.51499614] 
[2.43200338 2.44800225] 
[5.18272369 4.78551889] 
[4.26100059 4.58400015] 
[5.70299987 2.41700006] 
[5.76600039 3.57199988] 
[2.88199988 3.15299893] 
[6.3331267  6.26475035] 
67 
[5.16893585 3.99376882] 
[2.91100046 3.85100088] 
[5.94775536 4.91229761] 
[4.29300016 2.75200015] 
[6.23897522 2.92395725] 
[6.78800023 6.84399983] 
[2.68499982 2.95600025] 
[5.55900011 6.27200023] 
[4.15193143 4.97051701] 
[7.35400018 4.68399978] 
[5.23899965 3.15899978] 
[6.28000005 6.13099991] 
[5.60843079 2.36081527] 
[6.48799949 4.22099969] 
[2.73300008 4.52000002] 
[7.00699964 3.59800026] 
[5.09716543 5.05032106] 
[4.21800197 3.81400086] 
[2.44900027 3.71599998] 
[6.57500311 4.99599751] 
[6.84290291 2.16831691] 
[3.55382773 3.72843552] 
[2.58587804 2.30315575] 
[5.20699901 4.4580003 ] 
[3.85300001 2.28800001] 
[5.74410536 6.70902969] 
[4.74799949 6.63700045] 
[2.37525072 4.19925551] 
[6.87264267 6.19986627] 
[5.76600039 3.57199988] 
[4.67800011 3.16300016] 
[7.34299997 3.02099979] 
[2.5956591  3.36265998] 
[7.00099971 5.39599971] 
[3.15649377 4.45075234] 
[5.08600729 5.70248924] 
[3.5879997  2.83199999] 
[4.73199992 4.91399979] 
[4.74227926 4.34878448] 
[5.31242433 2.54264472] 
[3.29900177 5.05599961] 
[6.08100063 5.77599975] 
[3.61599999 4.26199908] 
[2.3494505  2.84876633] 
[6.46599855 3.34300312] 
[3.20499723 2.51499614] 
[5.85199918 5.95399921] 
[7.10931821 6.48704059] 
[4.68399989 2.32700055] 
[4.26099978 4.58399969] 
[2.51899989 4.99299989] 
[4.13400064 3.25499953] 
[6.82499945 4.19799982] 
[6.6429996  3.04199946] 
[2.88199988 3.15299893] 
[5.1755904  3.80788236] 
[5.7245 4.2095] 
[6.07200037 4.34899988] 
[6.51000035 6.494     ] 
[7.21621508 5.17420729] 
[4.07400032 2.18499996] 
[4.103  4.2685] 
[7.10599872 4.66199991] 
[4.10502912 2.56880438] 
[5.45500023 4.88199983] 
[3.05300031 3.59199997] 
[6.71400029 5.42300058] 
68 
[6.7140007  5.42300054] 
[4.84300115 4.50100036] 
[2.3494505  2.84876633] 
[5.15139674 3.02543123] 
[3.11857509 4.34748545] 
[6.50999949 6.4939998 ] 
[6.46599968 3.34300017] 
[3.20499723 2.51499614] 
[5.08600729 5.70248924] 
[6.22999978 5.08200085] 
[4.29300016 2.75200015] 
[6.84290291 2.16831691] 
[6.48800031 4.2210001 ] 
[7.10931821 6.48704059] 
[2.34800085 4.35000005] 
[4.103  4.2685] 
[2.75699974 2.40299995] 
[5.16300051 3.82800038] 
[6.23897522 2.92395725] 
[4.78131908 4.9804353 ] 
[2.58021484 3.39645094] 
[5.2850001  4.55400025] 
[7.34299997 3.02099979] 
[4.21800197 3.81400086] 
[4.74799949 6.63700045] 
[5.92200468 4.68499819] 
[2.51899989 4.99299989] 
[5.31242433 2.54264472] 
[3.61700036 3.78399981] 
[5.7245 4.2095] 
[7.10599967 4.66199997] 
[4.15193143 4.97051701] 
[5.55900011 6.27200023] 
[6.22399944 5.59300062] 
[5.60843079 2.36081527] 
[4.07399989 2.18499996] 
[5.85199918 5.95399921] 
[2.91099986 3.85099975] 
[4.68399989 2.32700055] 
[4.48999923 3.06400092] 
[3.5879997  2.83199999] 
[3.29900177 5.05599961] 
[7.00699964 3.59800026] 
[5.74410536 6.70902969] 
[5.38599977 3.27899982] 
[5.17700001 4.88899964] 
[2.7746976  2.97415551] 
[2.73300157 4.52000019] 
[6.57500311 4.99599751] 
[4.83399973 4.07199906] 
[2.37699482 4.11498983] 
[3.61599999 4.26199908] 
[5.80400059 5.02699989] 
[5.12099969 4.2989997 ] 
[2.44138642 2.3133257 ] 
[6.26639544 6.04709057] 
[5.76600039 3.57199988] 
[6.38499997 3.70800012] 
[4.26099978 4.58399969] 
[6.78800023 6.84399983] 
[6.87264267 6.19986627] 
[6.21500006 4.29299905] 
[7.21621508 5.17420729] 
[4.85699983 3.27799997] 
[4.10502912 2.56880438] 
[4.67799997 4.2790007 ] 
[6.6429996  3.04199946] 
[3.32900037 3.68999988] 
69 
[5.60843079 2.36081527] 
[5.09716543 5.05032106] 
[2.44900028 3.71599981] 
[6.95399999 4.64700019] 
[5.74410536 6.70902969] 
[5.71399953 4.02699998] 
[4.21800197 3.81400086] 
[2.81574908 3.02134673] 
[6.87264267 6.19986627] 
[6.23897522 2.92395725] 
[2.94000034 4.72899996] 
[4.68399989 2.32700055] 
[6.22999978 5.08200085] 
[5.23899965 3.15899978] 
[5.85199918 5.95399921] 
[5.09899668 3.97601174] 
[4.26099934 4.58399992] 
[6.84290291 2.16831691] 
[2.78899948 2.18500022] 
[7.00699964 3.59800026] 
[6.7140007  5.42300054] 
[3.5520001 3.7249998] 
[4.74799949 6.63700045] 
[3.5879997  2.83199999] 
[4.62800032 4.41599972] 
[4.48999897 3.06399849] 
[2.5956591  3.36265998] 
[4.10502912 2.56880438] 
[5.31242433 2.54264472] 
[7.34299997 3.02099979] 
[5.07451283 4.43348492] 
[6.08100063 5.77599975] 
[3.12077362 4.45505133] 
[5.04099994 5.96400004] 
[6.48799949 4.22099969] 
[6.3331267  6.26475035] 
[5.80399919 5.026999  ] 
[2.75699999 2.40300049] 
[2.49999964 4.36600043] 
[2.51899989 4.99299989] 
[4.73199992 4.91399979] 
[6.38499997 3.70800012] 
[4.67800019 3.16300013] 
[5.95870135 4.69424541] 
[6.57500311 4.99599751] 
[5.55900011 6.27200023] 
[3.62299973 4.15800023] 
[2.91099986 3.85099975] 
[2.3494505  2.84876633] 
[7.10931821 6.48704059] 
[4.07399989 2.18499996] 
[7.21621508 5.17420729] 
[3.29900177 5.05599961] 
[6.82499945 4.19799982] 
[2.43252178 2.44136715] 
[3.20499723 2.51499614] 
[6.64299997 3.04199976] 
[2.3769993  4.11500045] 
[4.15193143 4.97051701] 
[5.4367351  4.46418269] 
[5.76600039 3.57199988] 
[4.103  4.2685] 
[6.78800023 6.84399983] 
[4.13400064 3.25499953] 
[7.23961881 4.68872672] 
[5.1755904  3.80788236] 
[6.07200037 4.34899988] 
[3.28700012 4.17900008] 
[5.07699962 5.6820001 ] 
70 
[3.1460731  4.25021926] 
[6.08100063 5.77599975] 
[5.38599977 3.27899982] 
[3.20499723 2.51499614] 
[6.07200037 4.34899988] 
[4.26100059 4.58400015] 
[7.19511305 5.1793377 ] 
[6.23897522 2.92395725] 
[5.55900011 6.27200023] 
[7.10931821 6.48704059] 
[4.29300016 2.75200015] 
[5.17700001 4.88900015] 
[2.5956591  3.36265998] 
[5.70299987 2.41700006] 
[6.84290291 2.16831691] 
[5.16300051 3.82800038] 
[7.34299997 3.02099979] 
[2.44138642 2.3133257 ] 
[2.94000034 4.72899996] 
[6.57500162 4.99600029] 
[3.32900037 3.68999988] 
[4.74799949 6.63700045] 
[4.21800197 3.81400086] 
[2.3769993  4.11500045] 
[6.82499945 4.19799982] 
[4.07399989 2.18499996] 
[4.67800011 3.16300016] 
[6.38499997 3.70800012] 
[5.93508154 4.91648053] 
[4.25100007 4.93899972] 
[5.74410536 6.70902969] 
[5.11538101 4.31986773] 
[3.61700036 3.78399981] 
[5.08600729 5.70248924] 
[2.51899989 4.99299989] 
[7.00699964 3.59800026] 
[5.31242433 2.54264472] 
[2.3494505  2.84876633] 
[7.35400018 4.68399978] 
[6.71400029 5.42300058] 
[4.81806922 4.9980218 ] 
[4.68399989 2.32700055] 
[3.5879997  2.83199999] 
[5.37499978 4.6370008 ] 
[2.7746976  2.97415551] 
[6.48799949 4.22099969] 
[4.13400064 3.25499953] 
[3.29900177 5.05599961] 
[4.83399973 4.07199906] 
[2.75699974 2.40299995] 
[6.3331267  6.26475035] 
[3.61599999 4.26199908] 
[5.85199918 5.95399921] 
[3.95800006 4.86699898] 
[6.87264267 6.19986627] 
[4.103  4.2685] 
[2.91099986 3.85099975] 
[6.78800023 6.84399983] 
[6.53499977 4.79799959] 
[4.10502912 2.56880438] 
[5.76600039 3.57199988] 
[6.64299997 3.04199976] 
[7.10599872 4.66199991] 
[5.15753677 3.09147046] 
[2.49999964 4.36600043] 
[5.64299909 2.15699993] 
[3.11800037 4.51199933] 
[2.44900028 3.71599981] 
[5.71158458 4.30812537] 
[4.84299984 4.50099968] 
71 
[3.11800037 4.51199933] 
[5.71158458 4.30812537] 
[6.87264267 6.19986627] 
[4.10502912 2.56880438] 
[7.00699964 3.59800026] 
[2.44900028 3.71599981] 
[5.85199918 5.95399921] 
[5.31242433 2.54264472] 
[2.44138642 2.3133257 ] 
[3.95799963 4.86699963] 
[7.35400018 4.68399978] 
[5.16658329 3.78567104] 
[6.22999978 5.08200085] 
[6.23897522 2.92395725] 
[5.37499978 4.6370008 ] 
[4.74799949 6.63700045] 
[4.62800032 4.41599972] 
[3.61700036 3.78399981] 
[6.33495322 4.20395046] 
[6.84290291 2.16831691] 
[5.74410536 6.70902969] 
[4.70170596 3.22221327] 
[2.51899989 4.99299989] 
[6.7140007  5.42300054] 
[4.48999897 3.06399849] 
[2.5956591  3.36265998] 
[7.10931821 6.48704059] 
[4.95500017 5.19499945] 
[7.34299997 3.02099979] 
[2.36554529 4.14208728] 
[3.20499723 2.51499614] 
[6.28000005 6.13099991] 
[5.61500021 3.1240003 ] 
[6.38499997 3.70800012] 
[5.08600729 5.70248924] 
[5.87400067 4.85600011] 
[4.21800197 3.81400086] 
[2.91100224 3.85099915] 
[6.82499945 4.19799982] 
[6.08100063 5.77599975] 
[7.21621508 5.17420729] 
[5.55900011 6.27200023] 
[4.732     4.9139997] 
[5.04634207 4.39249197] 
[4.09715554 4.33298085] 
[2.68500012 2.95600033] 
[6.57500064 4.99599949] 
[4.68399989 2.32700055] 
[6.64299997 3.04199976] 
[3.29900032 5.05599974] 
[5.20661251 3.15437171] 
[5.60843079 2.36081527] 
[3.5879997  2.83199999] 
[6.78800023 6.84399983] 
[5.76600039 3.57199988] 
[5.17900179 3.97500244] 
[3.61599999 4.26199908] 
[4.07399989 2.18499996] 
[2.88199988 3.15299893] 
[2.73300157 4.52000019] 
[2.75699974 2.40299995] 
[5.17700001 4.88900015] 
[3.28700012 4.17900008] 
[2.3494505  2.84876633] 
[4.13400064 3.25499953] 
[4.83600004 2.82000032] 
[3.00800028 4.24000011] 
[4.83399973 4.07199906] 
[7.10599872 4.66199991] 
[6.51000035 6.494     ] 
[4.25100007 4.93899972] 
72 
[3.11799971 4.5120001 ] 
[5.7245 4.2095] 
[5.74410536 6.70902969] 
[3.20499723 2.51499614] 
[5.49499988 2.72499924] 
[6.57500311 4.99599751] 
[4.04200065 4.3359998 ] 
[6.87264267 6.19986627] 
[7.00699964 3.59800026] 
[5.09716543 5.05032106] 
[4.51746234 3.10312196] 
[2.91099965 3.85100015] 
[6.84290291 2.16831691] 
[5.55900011 6.27200023] 
[2.34800085 4.35000005] 
[2.5956591  3.36265998] 
[5.16299932 3.82800025] 
[6.37743467 4.16735171] 
[2.44138642 2.3133257 ] 
[6.28000005 6.13099991] 
[7.21621508 5.17420729] 
[6.46599968 3.34300017] 
[6.22999978 5.08200085] 
[4.15193143 4.97051701] 
[5.10699949 3.188     ] 
[4.74799949 6.63700045] 
[4.07399989 2.18499996] 
[7.34299997 3.02099979] 
[4.26100059 4.58400015] 
[5.85199918 5.95399921] 
[6.02797053 4.6132666 ] 
[3.55382773 3.72843552] 
[4.21800197 3.81400086] 
[5.20311711 4.48508569] 
[5.04099994 5.96400004] 
[2.51899989 4.99299989] 
[5.60843079 2.36081527] 
[2.3494505  2.84876633] 
[6.7140007  5.42300054] 
[6.23897522 2.92395725] 
[4.68399989 2.32700055] 
[7.10599967 4.66199997] 
[4.73199992 4.91399979] 
[2.73300008 4.52000002] 
[4.11116684 2.57390627] 
[3.29900177 5.05599961] 
[5.18382997 2.54273886] 
[7.01299694 6.64600207] 
[6.08100063 5.77599975] 
[2.44900028 3.71599981] 
[5.28675825 3.72835299] 
[6.82499945 4.19799982] 
[2.81574908 3.02134673] 
[5.24847485 4.19663131] 
[2.75700023 2.40299977] 
[5.76600039 3.57199988] 
[7.13625856 6.46829266] 
[5.38599977 3.27899982] 
[3.5879997  2.83199999] 
[5.80400059 5.02699989] 
[3.61599999 4.26199908] 
[3.11429706 4.23962296] 
[4.74227926 4.34878448] 
[6.51000035 6.494     ] 
[6.6429996  3.04199946] 
[4.13400064 3.25499953] 
[4.83600004 2.82000032] 
[2.3769993  4.11500045] 
[6.38499997 3.70800012] 
[5.07699962 5.6820001 ] 
[5.45500023 4.88199983] 
[4.77100002 3.81100004] 
73 
[2.43200338 2.44800225] 
[5.17700001 4.88899964] 
[6.23897522 2.92395725] 
[2.36554529 4.14208728] 
[6.2688085  6.07403786] 
[4.85699983 3.27799997] 
[7.35400018 4.68399978] 
[3.11857509 4.34748545] 
[4.10502912 2.56880438] 
[6.57499969 4.99599906] 
[4.74799949 6.63700045] 
[5.31242433 2.54264472] 
[5.14740356 3.85306901] 
[5.55900011 6.27200023] 
[2.53528282 3.50228607] 
[4.103  4.2685] 
[6.87264267 6.19986627] 
[6.84290291 2.16831691] 
[5.73499953 4.39199998] 
[7.34299997 3.02099979] 
[3.29900177 5.05599961] 
[7.00699964 3.59800026] 
[6.7140007  5.42300054] 
[3.55382773 3.72843552] 
[6.07200037 4.34899988] 
[4.48700417 5.08200465] 
[2.51899989 4.99299989] 
[2.68499982 2.95600025] 
[5.74410536 6.70902969] 
[4.74227926 4.34878448] 
[5.38599977 3.27899982] 
[6.82499945 4.19799982] 
[4.13400064 3.25499953] 
[5.08600729 5.70248924] 
[5.80400059 5.02699989] 
[6.46599968 3.34300017] 
[3.20499723 2.51499614] 
[7.10931821 6.48704059] 
[2.91099997 3.85099994] 
[2.3494505  2.84876633] 
[5.85199918 5.95399921] 
[5.2850001  4.55400025] 
[3.5879997  2.83199999] 
[4.83600004 2.82000032] 
[5.15753677 3.09147046] 
[4.29300016 2.75200015] 
[4.68399989 2.32700055] 
[5.60843079 2.36081527] 
[6.22999978 5.08200085] 
[6.51000035 6.494     ] 
[4.26099978 4.58399969] 
[6.6429996  3.04199946] 
[3.61599999 4.26199908] 
[4.15193143 4.97051701] 
[4.81806922 4.9980218 ] 
[2.73300157 4.52000019] 
[4.07399989 2.18499996] 
[5.28675825 3.72835299] 
[2.64677908 2.27310936] 
[4.48999988 3.0640001 ] 
[5.76600039 3.57199988] 
[6.22399944 5.59300062] 
[5.08349003 4.3330913 ] 
[7.21621508 5.17420729] 
[6.78800023 6.84399983] 
[6.80200017 5.00399945] 
[6.48799949 4.22099969] 
[4.21800197 3.81400086] 
[2.88199988 3.15299893] 
[6.38499997 3.70800012] 
[7.10599872 4.66199991] 
[5.92200068 4.68500004] 
[5.71399953 4.02699998] 
74 
[7.10599872 4.66199991] 
[4.49800009 3.3560003 ] 
[2.91099986 3.85099975] 
[5.04099994 5.96400004] 
[5.03290564 4.3658585 ] 
[5.60843079 2.36081527] 
[6.2688085  6.07403786] 
[3.20499723 2.51499614] 
[6.46599968 3.34300017] 
[3.95800006 4.86699898] 
[6.21500006 4.29299905] 
[2.50099975 3.22500012] 
[4.10502912 2.56880438] 
[7.34299997 3.02099979] 
[5.38599977 3.27899982] 
[6.78800023 6.84399983] 
[2.73300008 4.52000002] 
[5.90665706 4.99823513] 
[3.55382773 3.72843552] 
[2.44138642 2.3133257 ] 
[4.95500017 5.19499945] 
[5.55900011 6.27200023] 
[6.80200017 5.00399945] 
[6.84290291 2.16831691] 
[7.10931821 6.48704059] 
[5.29399992 3.86599768] 
[5.85199918 5.95399921] 
[5.37899893 2.56900052] 
[4.25100007 4.93899972] 
[3.61599999 4.26199908] 
[4.21800035 3.81399984] 
[2.36554529 4.14208728] 
[5.14454052 2.56919483] 
[7.19511305 5.1793377 ] 
[4.07399989 2.18499996] 
[5.2850001  4.55400025] 
[4.68399989 2.32700055] 
[4.74799949 6.63700045] 
[6.23897522 2.92395725] 
[2.75700023 2.40299977] 
[6.71400029 5.42300058] 
[3.5879997  2.83199999] 
[3.65100064 4.98599953] 
[4.40182097 4.57307544] 
[3.1460731  4.25021926] 
[7.00699964 3.59800026] 
[5.13364232 3.78981108] 
[2.51899989 4.99299989] 
[6.81297453 6.23337669] 
[6.22399944 5.59300062] 
[2.5130003 3.5700002] 
[5.18797257 4.03425012] 
[5.17700001 4.88899964] 
[5.7245 4.2095] 
[5.74410536 6.70902969] 
[4.103  4.2685] 
[6.48800031 4.2210001 ] 
[2.81574908 3.02134673] 
[4.732     4.9139997] 
[4.85699983 3.27799997] 
[4.83399887 4.07200013] 
[6.38499997 3.70800012] 
[5.07699962 5.6820001 ] 
[5.92200068 4.68500004] 
[2.3494505  2.84876633] 
[3.05300031 3.59199997] 
[7.35400018 4.68399978] 
[5.76600039 3.57199988] 
[6.6429996  3.04199946] 
[5.15753677 3.09147046] 
[3.29899962 5.05599979] 
[6.57499969 4.99599906] 
[4.48999897 3.06399849] 
[3.11800037 4.51199933] 
75 
[5.04634207 4.39249197] 
[3.20499723 2.51499614] 
[7.01299694 6.64600207] 
[5.60843079 2.36081527] 
[3.28700019 4.17900042] 
[5.85199918 5.95399921] 
[6.82499945 4.19799982] 
[4.49800009 3.3560003 ] 
[6.7140007  5.42300054] 
[2.44900028 3.71599981] 
[4.10502912 2.56880438] 
[6.6429996  3.04199946] 
[5.74410536 6.70902969] 
[4.13507528 4.53081665] 
[4.85699983 3.27799997] 
[2.51899989 4.99299989] 
[2.44138642 2.3133257 ] 
[5.87400067 4.85600011] 
[4.95500047 5.19499977] 
[5.76600039 3.57199988] 
[6.28000005 6.13099991] 
[6.84290291 2.16831691] 
[4.74799949 6.63700045] 
[6.95399999 4.64700019] 
[7.34299997 3.02099979] 
[5.16658329 3.78567104] 
[5.08600729 5.70248924] 
[2.88199988 3.15299893] 
[2.34800085 4.35000005] 
[4.2714083  3.94590556] 
[5.18382997 2.54273886] 
[6.48799949 4.22099969] 
[3.32900037 3.68999988] 
[4.68399989 2.32700055] 
[6.57500311 4.99599751] 
[5.23899965 3.15899978] 
[3.95799964 4.86700026] 
[3.29900032 5.05599974] 
[6.87264267 6.19986627] 
[5.55900011 6.27200023] 
[7.00699964 3.59800026] 
[3.5879997  2.83199999] 
[3.11800162 4.51199464] 
[2.5956591  3.36265998] 
[4.83399973 4.07199906] 
[5.73499974 4.39200046] 
[6.46599855 3.34300312] 
[4.48999897 3.06399849] 
[6.08100063 5.77599975] 
[6.22999997 5.08199999] 
[2.3494505  2.84876633] 
[2.91099986 3.85099975] 
[4.07399989 2.18499996] 
[5.37499978 4.6370008 ] 
[3.61700036 3.78399981] 
[5.17900179 3.97500244] 
[3.61599999 4.26199908] 
[6.23897522 2.92395725] 
[4.7320002  4.91400017] 
[7.21621508 5.17420729] 
[4.83600004 2.82000032] 
[4.62800032 4.41599972] 
[2.7329996  4.52000005] 
[5.17700001 4.88900015] 
[2.68500012 2.95600033] 
[5.71399953 4.02699998] 
[6.07200037 4.34899988] 
[2.3769993  4.11500045] 
[2.75699974 2.40299995] 
[7.13625856 6.46829266] 
[7.23961881 4.68872672] 
[4.25100007 4.93899972] 
[6.51000035 6.494     ] 
[5.49499988 2.72499924] 
[2.94000034 4.72899996] 
76 
[5.04099994 5.96400004] 
[5.31242433 2.54264472] 
[4.04799906 4.62200034] 
[2.58021484 3.39645094] 
[6.48799949 4.22099969] 
[7.01299694 6.64600207] 
[5.18520731 3.90103647] 
[2.51899989 4.99299989] 
[6.84290291 2.16831691] 
[6.7140007  5.42300054] 
[4.29300016 2.75200015] 
[2.75700014 2.40299682] 
[3.1460731  4.25021926] 
[6.6429996  3.04199946] 
[6.28000005 6.13099991] 
[5.92200068 4.68500004] 
[5.15753677 3.09147046] 
[4.81806922 4.9980218 ] 
[4.74799949 6.63700045] 
[4.2713847  3.91972085] 
[7.10599967 4.66199997] 
[5.74410536 6.70902969] 
[4.07399989 2.18499996] 
[2.37699482 4.11498983] 
[3.55382773 3.72843552] 
[5.45873068 4.31654245] 
[3.29899962 5.05599979] 
[6.57500162 4.99600029] 
[6.22399944 5.59300062] 
[2.81574908 3.02134673] 
[4.6780005  4.27899962] 
[3.61599999 4.26199908] 
[7.34299997 3.02099979] 
[4.13400064 3.25499953] 
[7.00699964 3.59800026] 
[6.46599855 3.34300312] 
[5.64299909 2.15699993] 
[7.21621508 5.17420729] 
[3.20499723 2.51499614] 
[5.07451283 4.43348492] 
[4.83600004 2.82000032] 
[6.23897522 2.92395725] 
[5.38599977 3.27899982] 
[6.87264267 6.19986627] 
[3.65100064 4.98599953] 
[2.34800085 4.35000005] 
[2.3494505  2.84876633] 
[5.3749999  4.63700017] 
[5.90665706 4.99823513] 
[4.67349847 3.16708111] 
[2.91099997 3.85099994] 
[5.1619999  3.64399999] 
[6.53499977 4.79799959] 
[3.5879997  2.83199999] 
[5.55900011 6.27200023] 
[5.85200007 5.95400018] 
[2.35300047 2.20800024] 
[4.68399989 2.32700055] 
[4.25100007 4.93899972] 
[6.07200037 4.34899988] 
[4.10502912 2.56880438] 
[5.76600039 3.57199988] 
[2.43200338 2.44800225] 
[4.77100002 3.81100004] 
[6.51000035 6.494     ] 
[7.13625856 6.46829266] 
[5.07699962 5.6820001 ] 
[5.71399953 4.02699998] 
[4.26100059 4.58400015] 
[5.71100002 5.67400004] 
[6.82499945 4.19799982] 
[5.17700001 4.88900015] 
[2.73300008 4.52000002] 
[2.73600032 2.71599961] 
[5.70299987 2.41700006] 
[3.11800037 4.51199933] 
77 
[4.26099978 4.58399969] 
[7.19511305 5.1793377 ] 
[2.5956591  3.36265998] 
[5.70299987 2.41700006] 
[5.55899964 6.27200016] 
[6.38499997 3.70800012] 
[4.29300016 2.75200015] 
[2.51899989 4.99299989] 
[5.17900179 3.97500244] 
[6.28000005 6.13099991] 
[3.20499723 2.51499614] 
[5.3749999  4.63700017] 
[2.73300157 4.52000019] 
[6.6429996  3.04199946] 
[3.61700036 3.78399981] 
[6.78800023 6.84399983] 
[6.22999978 5.08200085] 
[5.15753677 3.09147046] 
[2.36554529 4.14208728] 
[2.68499982 2.95600025] 
[6.84290291 2.16831691] 
[2.91099986 3.85099975] 
[4.21800197 3.81400086] 
[5.08600729 5.70248924] 
[4.74799949 6.63700045] 
[7.34299997 3.02099979] 
[4.81806922 4.9980218 ] 
[6.57500311 4.99599751] 
[3.5879997  2.83199999] 
[4.07399989 2.18499996] 
[7.10931821 6.48704059] 
[6.48799949 4.22099969] 
[2.58587804 2.30315575] 
[6.82499945 4.19799982] 
[7.35400018 4.68399978] 
[5.73499974 4.39200046] 
[5.12366622 4.4191471 ] 
[5.85199918 5.95399921] 
[3.29900177 5.05599961] 
[5.31242433 2.54264472] 
[6.71400029 5.42300058] 
[3.11857509 4.34748545] 
[4.85699983 3.27799997] 
[7.00699964 3.59800026] 
[5.16658329 3.78567104] 
[4.83399973 4.07199906] 
[5.92200068 4.68500004] 
[4.68399989 2.32700055] 
[4.13400064 3.25499953] 
[2.3494505  2.84876633] 
[5.74410536 6.70902969] 
[6.87264267 6.19986627] 
[6.23897522 2.92395725] 
[5.38599977 3.27899982] 
[5.64299909 2.15699993] 
[6.08100063 5.77599975] 
[5.80400059 5.02699989] 
[5.76600039 3.57199988] 
[4.84299984 4.50099968] 
[7.10599872 4.66199991] 
[4.15193143 4.97051701] 
[2.88199988 3.15299893] 
[3.32900037 3.68999988] 
[4.48999988 3.0640001 ] 
[6.51000035 6.494     ] 
[4.10502912 2.56880438] 
[6.46599968 3.34300017] 
[6.07200037 4.34899988] 
[4.103  4.2685] 
[5.71399953 4.02699998] 
[3.61599999 4.26199908] 
[5.35500009 6.16900051] 
[6.30999971 4.70099971] 
[2.44900028 3.71599981] 
[5.17700001 4.88900015] 
[4.83600004 2.82000032] 
[4.48700417 5.08200465] 
78 
[5.55899964 6.27200016] 
[2.70071052 2.94169048] 
[5.15753677 3.09147046] 
[5.76599994 3.57200036] 
[3.11857509 4.34748545] 
[7.10599967 4.66199997] 
[6.23897522 2.92395725] 
[6.78800023 6.84399983] 
[5.17700002 4.88900006] 
[5.14454052 2.56919483] 
[6.7140007  5.42300054] 
[3.85300001 2.28800001] 
[4.103  4.2685] 
[2.61349732 3.3314787 ] 
[7.00699964 3.59800026] 
[5.87400067 4.85600011] 
[2.34800085 4.35000005] 
[6.84290291 2.16831691] 
[6.08100063 5.77599975] 
[5.17900179 3.97500244] 
[3.29900032 5.05599974] 
[3.61700036 3.78399981] 
[4.49799976 3.35599964] 
[2.5189999  4.99299995] 
[4.26099978 4.58399969] 
[6.48799949 4.22099969] 
[5.04099994 5.96400004] 
[4.74799949 6.63700045] 
[2.35300047 2.20800024] 
[7.34299997 3.02099979] 
[6.81297453 6.23337669] 
[5.60843079 2.36081527] 
[4.49000033 3.06399991] 
[7.21621508 5.17420729] 
[5.16658329 3.78567104] 
[2.91099986 3.85099975] 
[2.3494505  2.84876633] 
[7.10931821 6.48704059] 
[6.46599855 3.34300312] 
[3.61599999 4.26199908] 
[4.7320002  4.91400017] 
[6.57500064 4.99599949] 
[3.20499723 2.51499614] 
[3.5879997  2.83199999] 
[4.84300017 4.50099945] 
[4.68399989 2.32700055] 
[5.37499978 4.6370008 ] 
[3.95799964 4.86700026] 
[5.38599977 3.27899982] 
[5.85199918 5.95399921] 
[3.32900037 3.68999988] 
[6.22999978 5.08200085] 
[4.11116684 2.57390627] 
[5.74410536 6.70902969] 
[4.77100002 3.81100004] 
[6.28000005 6.13099991] 
[2.73300157 4.52000019] 
[2.44900028 3.71599981] 
[4.83600442 4.99600665] 
[6.07200037 4.34899988] 
[2.43200338 2.44800225] 
[2.3769993  4.11500045] 
[4.21800197 3.81400086] 
[4.07400032 2.18499996] 
[6.82499945 4.19799982] 
[2.75700014 2.40299682] 
[2.3399999  4.88100039] 
[4.13400064 3.25499953] 
[5.07668592 4.36559718] 
[6.6429996  3.04199946] 
[5.37899893 2.56900052] 
[4.95499968 5.19499952] 
[4.85699983 3.27799997] 
[5.07699962 5.6820001 ] 
[4.25100007 4.93899972] 
[5.73499974 4.39200046] 
[4.6780005  4.27899962] 
[5.35500009 6.16900051] 
79 
[4.85700045 3.27799991] 
[5.80400059 5.02699989] 
[2.5956591  3.36265998] 
[6.6429996  3.04199946] 
[5.74410536 6.70902969] 
[2.73300157 4.52000019] 
[4.103  4.2685] 
[6.87264267 6.19986627] 
[3.5879997  2.83199999] 
[7.10599967 4.66199997] 
[5.1209997  4.29900029] 
[6.21500006 4.29299905] 
[5.31242433 2.54264472] 
[2.35300047 2.20800024] 
[4.29300016 2.75200015] 
[2.91099986 3.85099975] 
[5.85199918 5.95399921] 
[4.81806922 4.9980218 ] 
[6.71400029 5.42300058] 
[4.74799949 6.63700045] 
[7.34299997 3.02099979] 
[6.84290291 2.16831691] 
[2.68499982 2.95600025] 
[5.38599977 3.27899982] 
[5.02500124 3.72499922] 
[3.32900037 3.68999988] 
[6.38499997 3.70800012] 
[4.0698188  4.67513926] 
[6.57500311 4.99599751] 
[5.07699962 5.6820001 ] 
[2.3769993  4.11500045] 
[4.40100472 3.65400409] 
[6.22399944 5.59300062] 
[7.10931821 6.48704059] 
[7.19511305 5.1793377 ] 
[5.60843079 2.36081527] 
[4.10502912 2.56880438] 
[4.70888017 4.43927109] 
[2.3399999  4.88100039] 
[3.61599999 4.26199908] 
[6.48800031 4.2210001 ] 
[7.00699964 3.59800026] 
[6.2688085  6.07403786] 
[2.3494505  2.84876633] 
[4.68399989 2.32700055] 
[3.29900032 5.05599974] 
[2.75700014 2.40299682] 
[3.11857509 4.34748545] 
[5.17700001 4.88899964] 
[4.25100007 4.93899972] 
[4.07399989 2.18499996] 
[6.23897522 2.92395725] 
[5.73499953 4.39199998] 
[4.13400064 3.25499953] 
[5.2850001  4.55400025] 
[2.34800085 4.35000005] 
[5.18070308 3.84304449] 
[2.88199988 3.15299893] 
[6.22999978 5.08200085] 
[5.76600039 3.57199988] 
[6.30999971 4.70099971] 
[3.61700036 3.78399981] 
[4.21800035 3.81399984] 
[5.55900011 6.27200023] 
[3.20499723 2.51499614] 
[2.5189999  4.99299995] 
[5.15753677 3.09147046] 
[4.83600004 2.82000032] 
[5.92200068 4.68500004] 
[2.44900028 3.71599981] 
[3.65100064 4.98599953] 
[4.54695731 3.14217435] 
[5.71399953 4.02699998] 
[6.51000035 6.494     ] 
[6.46599968 3.34300017] 
[6.78800023 6.84399983] 
[4.83399994 4.07199941] 
[2.43200338 2.44800225] 
[5.04099994 5.96400004] 
80 
[5.74410536 6.70902969] 
[4.103  4.2685] 
[4.68399989 2.32700055] 
[6.38499997 3.70800012] 
[2.43200338 2.44800225] 
[2.94000034 4.72899996] 
[5.80400059 5.02699989] 
[5.02500124 3.72499922] 
[7.21621508 5.17420729] 
[6.78800023 6.84399983] 
[2.58021484 3.39645094] 
[5.60843079 2.36081527] 
[4.73199992 4.91399979] 
[5.55900011 6.27200023] 
[7.00699964 3.59800026] 
[4.09700084 2.73200031] 
[6.28000005 6.13099991] 
[6.84290291 2.16831691] 
[6.07200037 4.34899988] 
[5.03417128 4.45704107] 
[5.31242433 2.54264472] 
[3.61700036 3.78399981] 
[4.74799949 6.63700045] 
[2.49999964 4.36600043] 
[4.49799976 3.35599964] 
[5.38599977 3.27899982] 
[7.10931821 6.48704059] 
[3.11429706 4.23962296] 
[3.65100064 4.98599953] 
[6.23897522 2.92395725] 
[6.57500162 4.99600029] 
[3.20499723 2.51499614] 
[7.34299997 3.02099979] 
[4.05900029 2.5340013 ] 
[5.37499978 4.6370008 ] 
[5.08600729 5.70248924] 
[2.68500012 2.95600033] 
[4.26099978 4.58399969] 
[6.08100063 5.77599975] 
[6.71400029 5.42300058] 
[6.82499945 4.19799982] 
[2.75699974 2.40299995] 
[5.18070308 3.84304449] 
[2.3399999  4.88100039] 
[6.81297453 6.23337669] 
[7.35400018 4.68399978] 
[6.22999978 5.08200085] 
[2.37699482 4.11498983] 
[5.71399953 4.02699998] 
[4.07399989 2.18499996] 
[2.91100224 3.85099915] 
[3.5879997  2.83199999] 
[4.15193143 4.97051701] 
[3.61599999 4.26199908] 
[2.3494505  2.84876633] 
[5.92200068 4.68500004] 
[4.95499968 5.19499952] 
[4.21800197 3.81400086] 
[5.85199918 5.95399921] 
[5.15753677 3.09147046] 
[6.6429996  3.04199946] 
[4.85699983 3.27799997] 
[4.6780005  4.27899962] 
[5.76600039 3.57199988] 
[4.13400064 3.25499953] 
[7.10599872 4.66199991] 
[6.53499977 4.79799959] 
[3.11800037 4.51199933] 
[5.24847485 4.19663131] 
[7.00099971 5.39599971] 
[4.83600004 2.82000032] 
[2.5189999  4.99299995] 
[5.73499953 4.39199998] 
[6.46599968 3.34300017] 
[6.48799949 4.22099969] 
[5.17700002 4.88900006] 
[4.49000033 3.06399991] 
[2.88199988 3.15299893] 
[3.29900032 5.05599974] 
[2.35300047 2.20800024] 
