41 
[6.57500064 4.99599949] 
[2.91100224 3.85099915] 
[5.60843079 2.36081527] 
[5.16492354 4.47737081] 
[5.08600729 5.70248924] 
[3.09489971 4.33222268] 
[6.9540008  6.42999961] 
[2.60835846 2.32183659] 
[4.48999951 3.06399868] 
[5.16761153 3.83249823] 
[4.09772116 4.37308331] 
[6.23897522 2.92395725] 
[7.34299997 3.02099979] 
[2.36554529 4.14208728] 
[6.0531899  5.86381094] 
[7.00699933 3.59799985] 
[7.10599967 4.66199997] 
[5.34799258 3.25268108] 
[2.51899989 4.99299989] 
[5.61763895 6.54326757] 
[3.22562447 2.51620835] 
[6.84290291 2.16831691] 
[4.19293608 4.9403819 ] 
[2.54321365 2.91745721] 
[6.7140007  5.42300054] 
[4.05900036 2.53399975] 
[4.96468944 5.0078765 ] 
[6.07199959 4.34899976] 
[4.70170596 3.22221327] 
[5.93508154 4.91648053] 
[2.73300157 4.52000019] 
[7.21621508 5.17420729] 
[2.53528282 3.50228607] 
[6.64299811 3.04200243] 
[4.47036593 3.98344594] 
[4.74799949 6.63700045] 
[3.29900177 5.05599961] 
[4.68399989 2.32700055] 
[5.31242433 2.54264472] 
[3.65776539 3.85994538] 
[6.48799996 4.22099944] 
42 
[6.23083244 5.05867253] 
[3.28699772 4.17900558] 
[5.11546124 3.18524859] 
[2.7746976  2.97415551] 
[4.83560891 5.00299872] 
[6.78799923 6.84399767] 
[7.34299997 3.02099979] 
[5.61399967 6.59899941] 
[6.48799961 4.22100014] 
[4.05900036 2.53399975] 
[4.82674441 4.3261363 ] 
[5.60843079 2.36081527] 
[7.0919923  5.17268722] 
[4.12371894 4.76454526] 
[2.51899989 4.99299989] 
[3.04332293 2.37533924] 
[4.68399989 2.32700055] 
[6.5389431  2.95031542] 
[5.27247477 4.56447601] 
[4.49799962 3.35599986] 
[5.24696516 3.85459268] 
[6.84290291 2.16831691] 
[3.47908059 3.74883496] 
[2.53528282 3.50228607] 
[6.87264267 6.19986627] 
[4.74799949 6.63700045] 
[2.98388205 4.62359076] 
[5.08600729 5.70248924] 
[2.3494505  2.84876633] 
[5.31242433 2.54264472] 
[5.88145919 5.87467993] 
[5.93541436 4.64471641] 
[3.5879997  2.83199999] 
[2.44138642 2.3133257 ] 
[7.10599967 4.66199997] 
[4.2713847  3.91972085] 
[2.36554529 4.14208728] 
[7.10931821 6.48704059] 
[4.49591881 3.0586984 ] 
[6.46599855 3.34300312] 
[7.00699964 3.59800026] 
[6.2688085  6.07403786] 
43 
[5.1629998 2.5370001] 
[4.83560891 5.00299872] 
[2.9110003  3.85100083] 
[6.7140007  5.42300054] 
[6.8085813  3.50801314] 
[5.16300012 3.82799995] 
[5.55899956 6.27199958] 
[2.38000037 2.85900054] 
[5.27342271 4.6100733 ] 
[4.11599995 2.56400071] 
[7.0230511  6.45273558] 
[2.51899989 4.99299989] 
[4.14369218 4.74775721] 
[6.23083244 5.05867253] 
[6.48799961 4.22100014] 
[6.84290291 2.16831691] 
[3.10606674 4.51164193] 
[6.53052742 6.26005763] 
[5.34799258 3.25268108] 
[5.25599981 4.19300048] 
[2.60300006 3.37600006] 
[2.37699969 4.1150009 ] 
[7.10599967 4.66199997] 
[5.93541436 4.64471641] 
[3.53123921 4.20588371] 
[4.13400064 3.25499953] 
[5.6080011  2.36100049] 
[6.5389431  2.95031542] 
[4.2713847  3.91972085] 
[2.44138642 2.3133257 ] 
[3.5879997  2.83199999] 
[7.34299997 3.02099979] 
[4.74799949 6.63700045] 
[6.02558883 5.81453391] 
[7.14399964 5.14799959] 
[5.74410536 6.70902969] 
[4.07399989 2.18499996] 
[3.29900177 5.05599961] 
[4.67800017 3.16300003] 
[5.08600729 5.70248924] 
[3.55382773 3.72843552] 
[4.83622675 4.37317045] 
[3.04332293 2.37533924] 
44 
[5.37499978 4.6370008 ] 
[2.58857035 3.42270447] 
[6.23897522 2.92395725] 
[7.15263375 5.19517036] 
[4.103  4.2685] 
[5.93680024 5.85713212] 
[5.19755231 3.81637291] 
[4.11599995 2.56400071] 
[2.63145543 2.35506465] 
[3.11800106 4.51200246] 
[7.10599967 4.66199997] 
[7.06742244 6.51161723] 
[5.16299996 2.53700025] 
[5.08600729 5.70248924] 
[7.00699843 3.5979984 ] 
[4.78131908 4.9804353 ] 
[6.84290291 2.16831691] 
[5.87400169 4.85600076] 
[6.07199959 4.34899976] 
[5.74410536 6.70902969] 
[3.60619294 3.82019602] 
[6.83000021 3.4190003 ] 
[5.04435126 4.34310776] 
[2.36554529 4.14208728] 
[4.74799949 6.63700045] 
[3.20500449 2.51500196] 
[2.58014711 4.8183916 ] 
[5.23899965 3.15899978] 
[6.48799996 4.22099944] 
[4.62643876 3.17805672] 
[3.0690438  4.12877611] 
[4.26099964 4.58400003] 
[5.55900011 6.27200023] 
[5.6080011  2.36100049] 
[6.58128586 3.1063389 ] 
[6.57499954 4.99599972] 
[6.87264267 6.19986627] 
[7.34299997 3.02099979] 
[4.39999998 3.96999886] 
[2.38000001 2.85899996] 
[6.3331267  6.26475035] 
[4.13733132 4.96581924] 
[4.07399989 2.18499996] 
[5.17700001 4.88900015] 
45 
[5.16300012 3.82799995] 
[2.91099965 3.85100015] 
[6.96976496 6.43127546] 
[6.39108125 4.20218972] 
[4.83560891 5.00299872] 
[5.60843079 2.36081527] 
[4.67798809 3.16299764] 
[2.58587804 2.30315575] 
[3.11749505 4.27910291] 
[5.74410536 6.70902969] 
[7.15263375 5.19517036] 
[7.34299997 3.02099979] 
[4.11208117 4.77459954] 
[5.32674762 4.67441484] 
[6.5389431  2.95031542] 
[6.22999997 5.08199999] 
[4.07874996 2.5369674 ] 
[5.08600729 5.70248924] 
[6.02558883 5.81453391] 
[5.34799258 3.25268108] 
[3.20499723 2.51499614] 
[2.47438212 2.8530218 ] 
[4.2713847  3.91972085] 
[6.84290291 2.16831691] 
[2.51899989 4.99299989] 
[2.37699969 4.1150009 ] 
[7.10599967 4.66199997] 
[5.03684638 4.34123129] 
[4.74799949 6.63700045] 
[5.31242433 2.54264472] 
[6.46599855 3.34300312] 
[4.70888017 4.43927109] 
[2.58491664 3.34502459] 
[3.29900177 5.05599961] 
[5.55899956 6.27199958] 
[5.87400067 4.85600011] 
[5.50569482 4.20641605] 
[2.95617104 4.59453111] 
[3.5879997  2.83199999] 
[3.61599999 4.26199908] 
[3.55382773 3.72843552] 
[6.3331267  6.26475035] 
[6.57500311 4.99599751] 
[7.00699964 3.59800026] 
[4.68399989 2.32700055] 
46 
[2.91099997 3.85099994] 
[4.967223   4.36868256] 
[6.08100063 5.77599975] 
[5.60843079 2.36081527] 
[3.22562447 2.51620835] 
[5.74410536 6.70902969] 
[2.51899989 4.99299989] 
[6.07199959 4.34899976] 
[5.2197236  3.19682363] 
[7.34299997 3.02099979] 
[7.21621508 5.17420729] 
[6.78800023 6.84399983] 
[3.11857509 4.34748545] 
[4.49799962 3.35599986] 
[4.14369218 4.74775721] 
[5.55900011 6.27200023] 
[4.07399989 2.18499996] 
[2.60835846 2.32183659] 
[4.83560891 5.00299872] 
[6.5389431  2.95031542] 
[7.10599967 4.66199997] 
[6.99324212 6.41836739] 
[2.36554529 4.14208728] 
[6.84290291 2.16831691] 
[5.21936306 2.54937108] 
[5.16761153 3.83249823] 
[2.53528282 3.50228607] 
[6.46599855 3.34300312] 
[4.74799949 6.63700045] 
[5.94775536 4.91229761] 
[3.55382773 3.72843552] 
[6.3331267  6.26475035] 
[2.54321365 2.91745721] 
[6.48799996 4.22099944] 
[4.56007818 3.02055643] 
[6.7140007  5.42300054] 
[5.31524362 4.63514466] 
[3.29900223 5.0559933 ] 
[4.32838115 3.93522844] 
[5.08600729 5.70248924] 
[5.85199918 5.95399921] 
[7.00699964 3.59800026] 
[6.57500311 4.99599751] 
[3.61599999 4.26199908] 
[2.73300008 4.52000002] 
[4.11116684 2.57390627] 
47 
[5.27846761 2.57194444] 
[5.74410536 6.70902969] 
[3.55382773 3.72843552] 
[6.2149997  4.29299953] 
[2.44138642 2.3133257 ] 
[4.10490726 4.86151465] 
[7.19511305 5.1793377 ] 
[4.71692972 4.38272138] 
[6.58128586 3.1063389 ] 
[2.73300008 4.52000002] 
[7.0230511  6.45273558] 
[6.31444305 6.08374695] 
[6.84290291 2.16831691] 
[4.11157997 2.5809408 ] 
[5.20699901 4.4580003 ] 
[2.58857035 3.42270447] 
[5.09716543 5.05032106] 
[5.34799258 3.25268108] 
[5.1106536  5.72493026] 
[6.57500064 4.99599949] 
[7.34299997 3.02099979] 
[5.82598907 4.92096363] 
[3.51164753 2.66129974] 
[5.17900179 3.97500244] 
[4.62561987 3.19308468] 
[5.60843079 2.36081527] 
[2.9110003  3.85100083] 
[2.51899989 4.99299989] 
[5.57472574 6.18605295] 
[4.74799949 6.63700045] 
[2.36554529 4.14208728] 
[3.29158633 4.18701555] 
[6.23897522 2.92395725] 
[4.07399989 2.18499996] 
[2.82693714 2.4167817 ] 
[4.16400392 4.20095841] 
[6.71400029 5.42300058] 
[3.11800063 4.51200065] 
[4.73199992 4.91399979] 
[7.10599967 4.66199997] 
[4.68399989 2.32700055] 
[7.00699964 3.59800026] 
[2.38000001 2.85899996] 
[6.48800031 4.2210001 ] 
[5.15331123 3.78628587] 
[5.7245 4.2095] 
[6.18107176 5.20831326] 
48 
[5.16300051 3.82800038] 
[2.53528282 3.50228607] 
[6.7140007  5.42300054] 
[4.25100007 4.93899972] 
[6.84290291 2.16831691] 
[5.60843079 2.36081527] 
[5.85199962 5.95399811] 
[4.50240477 3.09668912] 
[6.07200037 4.34899988] 
[2.51899989 4.99299989] 
[3.61599999 4.26199908] 
[6.78799923 6.84399767] 
[2.72349936 2.352277  ] 
[6.8085813  3.50801314] 
[5.31242433 2.54264472] 
[4.11116684 2.57390627] 
[7.21621508 5.17420729] 
[5.29866117 4.79702697] 
[5.74410536 6.70902969] 
[2.36554529 4.14208728] 
[5.14053904 4.36820745] 
[6.99324212 6.41836739] 
[5.11546124 3.18524859] 
[4.74799949 6.63700045] 
[3.00924418 4.24013952] 
[7.34299997 3.02099979] 
[4.16396271 4.44783216] 
[6.2688085  6.07403786] 
[6.18107176 5.20831326] 
[4.31929239 3.85432149] 
[6.57500064 4.99599949] 
[3.0926366  4.62046005] 
[4.74227926 4.34878448] 
[3.51164753 2.66129974] 
[7.10599967 4.66199997] 
[4.85262783 5.01806117] 
[2.7746976  2.97415551] 
[3.55199948 3.72500022] 
[4.07399989 2.18499996] 
[5.08600729 5.70248924] 
[5.55900011 6.27200023] 
[6.5389431  2.95031542] 
[5.87399956 4.85599882] 
[4.67370805 2.37467669] 
[6.48799996 4.22099944] 
[3.95799964 4.86700026] 
[2.3494505  2.84876633] 
[5.76599994 3.57200036] 
49 
[5.87400169 4.85600076] 
[2.60835846 2.32183659] 
[3.55382773 3.72843552] 
[5.34799258 3.25268108] 
[6.14076493 5.84183865] 
[3.06087672 4.56421647] 
[6.5389431  2.95031542] 
[4.56868888 4.87815956] 
[4.68399989 2.32700055] 
[6.57499954 4.99599972] 
[7.06742244 6.51161723] 
[4.8778556  4.45328804] 
[2.53528282 3.50228607] 
[5.08600729 5.70248924] 
[4.21800197 3.81400086] 
[5.74410536 6.70902969] 
[5.60843079 2.36081527] 
[7.10599967 4.66199997] 
[3.5879997  2.83199999] 
[6.33495322 4.20395046] 
[4.67800017 3.16300003] 
[2.36554529 4.14208728] 
[6.84290291 2.16831691] 
[4.74799949 6.63700045] 
[5.30644562 4.27845707] 
[3.95800065 4.86700107] 
[5.16300119 3.82800009] 
[4.10924263 2.59995777] 
[6.46599855 3.34300312] 
[4.95500007 5.19499964] 
[7.21621508 5.17420729] 
[5.31242433 2.54264472] 
[3.53123921 4.20588371] 
[7.34299997 3.02099979] 
[2.94025055 4.00682188] 
[2.7746976  2.97415551] 
[2.51899989 4.99299989] 
[5.85199918 5.95399921] 
[7.00699964 3.59800026] 
[6.82499945 4.19799982] 
[4.07399989 2.18499996] 
[4.83399973 4.07199906] 
[6.7140007  5.42300054] 
[4.09772116 4.37308331] 
[5.55900011 6.27200023] 
[6.81297453 6.23337669] 
[5.32674762 4.67441484] 
[3.20499723 2.51499614] 
[2.3494505  2.84876633] 
50 
[3.55382773 3.72843552] 
[6.22999978 5.08200085] 
[5.60843079 2.36081527] 
[5.11669789 4.20070379] 
[5.18567595 5.88387722] 
[6.9540008  6.42999961] 
[3.51164753 2.66129974] 
[2.51899989 4.99299989] 
[4.67798809 3.16299764] 
[7.00699964 3.59800026] 
[2.5956591  3.36265998] 
[6.57500311 4.99599751] 
[4.09715554 4.33298085] 
[5.17700001 4.88899964] 
[6.84290291 2.16831691] 
[6.0531899  5.86381094] 
[6.82499945 4.19799982] 
[5.23899965 3.15899978] 
[4.0794576  4.90235535] 
[4.07399989 2.18499996] 
[3.09072392 4.36014325] 
[4.74799949 6.63700045] 
[2.84260614 2.34345169] 
[2.36554529 4.14208728] 
[5.6140005 6.5990004] 
[6.5389431  2.95031542] 
[4.70888017 4.43927109] 
[5.31242433 2.54264472] 
[6.37743467 4.16735171] 
[3.10372173 4.79716854] 
[2.7746976  2.97415551] 
[4.21800197 3.81400086] 
[6.02797053 4.6132666 ] 
[6.7140007  5.42300054] 
[7.10599967 4.66199997] 
[7.21621508 5.17420729] 
[2.91099997 3.85099994] 
[6.46599855 3.34300312] 
[4.78131908 4.9804353 ] 
[5.16450029 3.82173896] 
[7.34299997 3.02099979] 
[2.3494505  2.84876633] 
[3.61599999 4.26199908] 
[5.28499937 4.5540003 ] 
[4.11116684 2.57390627] 
[2.44138642 2.3133257 ] 
[4.68399989 2.32700055] 
[2.44900028 3.71599981] 
[5.80400059 5.02699989] 
[5.71400029 4.02699961] 
51 
[6.23897522 2.92395725] 
[4.84299984 4.50099968] 
[3.5879997  2.83199999] 
[7.06742244 6.51161723] 
[6.57500064 4.99599949] 
[6.3331267  6.26475035] 
[4.26099986 4.58400006] 
[2.36554529 4.14208728] 
[2.58587804 2.30315575] 
[5.08600729 5.70248924] 
[4.83400131 4.07199834] 
[4.62643876 3.17805672] 
[2.66487228 4.74808427] 
[6.46599855 3.34300312] 
[5.27846761 2.57194444] 
[7.00699964 3.59800026] 
[2.7746976  2.97415551] 
[7.21621508 5.17420729] 
[5.71158458 4.30812537] 
[3.60619294 3.82019602] 
[5.85199918 5.95399921] 
[5.23899965 3.15899978] 
[2.53528282 3.50228607] 
[5.74410536 6.70902969] 
[6.84290291 2.16831691] 
[6.48799961 4.22100014] 
[4.07399989 2.18499996] 
[4.74799949 6.63700045] 
[5.94503718 5.03584342] 
[3.13374706 4.38886635] 
[5.18515727 4.43364488] 
[5.1466625  4.96034965] 
[3.29900177 5.05599961] 
[6.7140007  5.42300054] 
[5.60843079 2.36081527] 
[7.34299997 3.02099979] 
[4.2713847  3.91972085] 
[4.73199992 4.91399979] 
[4.68399989 2.32700055] 
[7.10599967 4.66199997] 
[3.20499532 2.51499262] 
[2.91099997 3.85099994] 
[5.21592627 3.80252761] 
[6.87264267 6.19986627] 
[6.08100063 5.77599975] 
[4.11116684 2.57390627] 
[6.6429996  3.04199946] 
[5.55900011 6.27200023] 
[5.92200128 4.68499941] 
[4.15193143 4.97051701] 
[2.3494505  2.84876633] 
52 
[2.37525072 4.19925551] 
[5.7245 4.2095] 
[5.85199962 5.95399811] 
[2.84260614 2.34345169] 
[5.27846761 2.57194444] 
[4.26099986 4.58400006] 
[7.10599967 4.66199997] 
[6.9540008  6.42999961] 
[7.34299997 3.02099979] 
[2.5956591  3.36265998] 
[4.11116684 2.57390627] 
[5.12487566 3.94934092] 
[4.2713847  3.91972085] 
[5.37499953 4.63700055] 
[6.06000013 4.65899958] 
[6.5389431  2.95031542] 
[5.74410536 6.70902969] 
[3.09489971 4.33222268] 
[6.84290291 2.16831691] 
[4.74799949 6.63700045] 
[2.91100224 3.85099915] 
[5.60843079 2.36081527] 
[5.23899965 3.15899978] 
[5.07973657 5.03990569] 
[6.2688085  6.07403786] 
[7.19511305 5.1793377 ] 
[4.70170596 3.22221327] 
[3.95799786 4.86700071] 
[2.51899989 4.99299989] 
[6.71400029 5.42300058] 
[6.18107176 5.20831326] 
[3.51164753 2.66129974] 
[6.33495322 4.20395046] 
[3.65776539 3.85994538] 
[6.46599855 3.34300312] 
[2.54321365 2.91745721] 
[4.48999982 3.06399977] 
[5.55900011 6.27200023] 
[2.73300157 4.52000019] 
[5.08600729 5.70248924] 
[4.25100242 4.93900136] 
[4.07399989 2.18499996] 
[5.04634207 4.39249197] 
[5.87401094 4.85906906] 
[7.00699964 3.59800026] 
[4.67799997 4.2790007 ] 
[4.68399989 2.32700055] 
[5.33600011 3.70800033] 
[6.82499945 4.19799982] 
[2.44138642 2.3133257 ] 
[6.57500311 4.99599751] 
[2.44900027 3.71599998] 
53 
[4.06736498 2.4752953 ] 
[6.33495322 4.20395046] 
[2.51899989 4.99299989] 
[5.85200314 5.95399882] 
[5.03600025 4.34100042] 
[2.3494505  2.84876633] 
[5.60843079 2.36081527] 
[2.9110003  3.85100083] 
[7.06742244 6.51161723] 
[6.84290291 2.16831691] 
[4.28276735 2.83927016] 
[6.57500311 4.99599751] 
[3.95800016 4.86700116] 
[6.46599855 3.34300312] 
[5.6140005 6.5990004] 
[3.55382773 3.72843552] 
[5.2877452  4.74315358] 
[5.16300119 3.82800009] 
[5.31242433 2.54264472] 
[3.04332293 2.37533924] 
[4.04200065 4.3359998 ] 
[5.15753677 3.09147046] 
[7.10599967 4.66199997] 
[7.34299997 3.02099979] 
[5.6605 5.7905] 
[2.44900028 3.71599981] 
[2.73299954 4.51999957] 
[4.32187397 4.63654728] 
[5.87400169 4.85600076] 
[6.81297453 6.23337669] 
[7.19511305 5.1793377 ] 
[4.74799949 6.63700045] 
[3.5879997  2.83199999] 
[5.13304213 5.87248952] 
[4.78131908 4.9804353 ] 
[2.36462537 4.13132224] 
[4.31929239 3.85432149] 
[2.44138642 2.3133257 ] 
[2.68500207 2.95600048] 
[3.11799986 4.51199955] 
[4.68399989 2.32700055] 
[6.28000005 6.13099991] 
[6.6429996  3.04199946] 
[6.71400029 5.42300058] 
[2.61349732 3.3314787 ] 
[3.53123921 4.20588371] 
[6.18107176 5.20831326] 
[6.82499945 4.19799982] 
[5.48293301 3.32877528] 
[6.23897522 2.92395725] 
[5.71158458 4.30812537] 
[7.00699964 3.59800026] 
[4.67800019 3.16300013] 
54 
[5.71158458 4.30812537] 
[2.4206802 4.3076684] 
[5.74410536 6.70902969] 
[5.31242433 2.54264472] 
[6.57500311 4.99599751] 
[2.80880588 2.38508859] 
[6.84290291 2.16831691] 
[6.69999905 6.20100131] 
[4.22881052 4.59627113] 
[4.51539194 2.51470169] 
[7.00699964 3.59800026] 
[3.13246114 4.4353128 ] 
[5.08600729 5.70248924] 
[5.23899965 3.15899978] 
[5.29866117 4.79702697] 
[2.5956591  3.36265998] 
[4.84714647 3.90972648] 
[3.65776539 3.85994538] 
[6.23897522 2.92395725] 
[5.92200468 4.68499819] 
[7.10599967 4.66199997] 
[5.85199918 5.95399921] 
[3.95799786 4.86700071] 
[6.82499945 4.19799982] 
[7.04343513 6.42967742] 
[5.13207697 4.38838128] 
[6.46599855 3.34300312] 
[4.06736498 2.4752953 ] 
[4.67800102 3.16299892] 
[2.9110042  3.85099968] 
[4.74799949 6.63700045] 
[4.27378612 3.77610569] 
[6.71400029 5.42300058] 
[2.51899999 4.993     ] 
[4.83560891 5.00299872] 
[7.19511305 5.1793377 ] 
[7.34299997 3.02099979] 
[6.6429996  3.04199946] 
[5.80400059 5.02699989] 
[5.55900011 6.27200023] 
[6.22999978 5.08200085] 
[2.3494505  2.84876633] 
[5.60843079 2.36081527] 
[6.28000005 6.13099991] 
[6.33495322 4.20395046] 
[3.51164753 2.66129974] 
[2.44138642 2.3133257 ] 
[6.78800023 6.84399983] 
[5.76600039 3.57199988] 
[5.16788633 3.83028194] 
[6.08100063 5.77599975] 
[4.84299984 4.50099968] 
[2.81574908 3.02134673] 
[2.44900027 3.71599998] 
55 
[4.11116684 2.57390627] 
[6.22999978 5.08200085] 
[2.91099997 3.85099994] 
[5.76599994 3.57200036] 
[4.25100007 4.93899972] 
[6.96976496 6.43127546] 
[6.23897522 2.92395725] 
[5.55899956 6.27199958] 
[2.81574908 3.02134673] 
[6.95399999 4.64700019] 
[2.51899999 4.993     ] 
[5.49500027 2.72500031] 
[4.67800017 3.16300003] 
[3.53123921 4.20588371] 
[6.84290291 2.16831691] 
[4.93694618 4.4512068 ] 
[7.34299997 3.02099979] 
[2.3769993  4.11500045] 
[6.58128586 3.1063389 ] 
[2.80880588 2.38508859] 
[5.16300051 3.82800038] 
[6.57500311 4.99599751] 
[4.2713847  3.91972085] 
[6.3331267  6.26475035] 
[7.19511305 5.1793377 ] 
[4.74799949 6.63700045] 
[3.1179992  4.51199936] 
[5.17700001 4.88900015] 
[6.07200049 4.34899952] 
[3.95799786 4.86700071] 
[2.44138642 2.3133257 ] 
[4.68399989 2.32700055] 
[5.74410536 6.70902969] 
[4.26099986 4.58400006] 
[5.23899965 3.15899978] 
[5.08600729 5.70248924] 
[3.51164753 2.66129974] 
[6.48799996 4.22099944] 
[5.60843079 2.36081527] 
[4.83399977 4.07200019] 
[2.53528282 3.50228607] 
[3.55382773 3.72843552] 
[7.00699964 3.59800026] 
[5.24847485 4.19663131] 
[6.02558883 5.81453391] 
[5.87400067 4.85600011] 
[5.31020582 2.52920337] 
[4.07399989 2.18499996] 
[6.71400029 5.42300058] 
[7.23961881 4.68872672] 
[4.81806922 4.9980218 ] 
[4.13400064 3.25499953] 
[5.35075584 4.62225572] 
[2.49999964 4.36600043] 
[2.3494505  2.84876633] 
56 
[4.15427899 2.58061759] 
[6.7140007  5.42300054] 
[3.61700036 3.78399981] 
[6.38499997 3.70800012] 
[5.02913162 4.37966283] 
[2.61349732 3.3314787 ] 
[5.55899956 6.27199958] 
[5.31242433 2.54264472] 
[2.73300008 4.52000002] 
[6.78799923 6.84399767] 
[5.88525    4.86972559] 
[2.58587804 2.30315575] 
[6.84290291 2.16831691] 
[4.12918624 4.92082733] 
[7.21621508 5.17420729] 
[4.70170596 3.22221327] 
[5.16788633 3.83028194] 
[5.08600729 5.70248924] 
[6.56480668 4.98953871] 
[6.64299997 3.04199976] 
[4.74799949 6.63700045] 
[7.10931821 6.48704059] 
[2.9110042  3.85099968] 
[6.02558883 5.81453391] 
[4.73199992 4.91399979] 
[3.5879997  2.83199999] 
[7.34299997 3.02099979] 
[5.39171829 4.47689054] 
[7.10599992 4.66200009] 
[3.11914904 4.50201104] 
[2.44900028 3.71599981] 
[4.21800197 3.81400086] 
[2.70071052 2.94169048] 
[6.48799949 4.22099969] 
[5.20661251 3.15437171] 
[5.60843079 2.36081527] 
[5.1466625  4.96034965] 
[6.23897522 2.92395725] 
[2.51899989 4.99299989] 
[6.28000005 6.13099991] 
[5.74410536 6.70902969] 
[4.49000009 3.06399972] 
[2.36554529 4.14208728] 
[7.00699964 3.59800026] 
[4.103  4.2685] 
[2.3494505  2.84876633] 
[4.07399989 2.18499996] 
[3.20499723 2.51499614] 
[3.53123921 4.20588371] 
[5.76600019 3.57199963] 
[6.82499945 4.19799982] 
[6.87264267 6.19986627] 
[4.40182097 4.57307544] 
[3.29900177 5.05599961] 
[4.84714647 3.90972648] 
[6.07200037 4.34899988] 
57 
[5.31242433 2.54264472] 
[5.85199918 5.95399921] 
[2.53528282 3.50228607] 
[4.46550666 4.53029863] 
[6.33495322 4.20395046] 
[7.06742244 6.51161723] 
[3.53123921 4.20588371] 
[3.5879997  2.83199999] 
[5.19335384 3.86065318] 
[6.5389431  2.95031542] 
[6.57500311 4.99599751] 
[2.36554529 4.14208728] 
[4.67798809 3.16299764] 
[5.04634207 4.39249197] 
[3.20499723 2.51499614] 
[5.23899965 3.15899978] 
[6.22999978 5.08200085] 
[2.73300157 4.52000019] 
[6.2688085  6.07403786] 
[4.74799949 6.63700045] 
[3.55382773 3.72843552] 
[6.84290291 2.16831691] 
[5.55900011 6.27200023] 
[7.34299997 3.02099979] 
[5.74410536 6.70902969] 
[2.75699974 2.40299995] 
[4.21800197 3.81400086] 
[4.78131908 4.9804353 ] 
[4.07399989 2.18499996] 
[7.00699964 3.59800026] 
[5.92205052 4.68488521] 
[2.91099997 3.85099994] 
[2.3494505  2.84876633] 
[2.51899989 4.99299989] 
[7.10599967 4.66199997] 
[4.12918624 4.92082733] 
[4.11116684 2.57390627] 
[6.71400029 5.42300058] 
[2.44138642 2.3133257 ] 
[6.82499945 4.19799982] 
[5.08600729 5.70248924] 
[4.84714647 3.90972648] 
[5.80400059 5.02699989] 
[5.60843079 2.36081527] 
[7.19511305 5.1793377 ] 
[5.37499953 4.63700055] 
[4.68399989 2.32700055] 
[6.46599855 3.34300312] 
[3.12077362 4.45505133] 
[6.81297453 6.23337669] 
[5.17700001 4.88900015] 
[5.76600039 3.57199988] 
[5.71399953 4.02699998] 
[4.103  4.2685] 
[3.29900177 5.05599961] 
[6.22399944 5.59300062] 
[2.7746976  2.97415551] 
58 
[3.5879997  2.83199999] 
[5.7245 4.2095] 
[6.28000005 6.13099991] 
[3.11857509 4.34748545] 
[5.23899965 3.15899978] 
[6.23897522 2.92395725] 
[4.57937371 4.52065522] 
[2.3494505  2.84876633] 
[7.10599872 4.66199991] 
[5.74410536 6.70902969] 
[5.08600729 5.70248924] 
[6.87264267 6.19986627] 
[7.34299997 3.02099979] 
[4.83399977 4.07200019] 
[4.07399989 2.18499996] 
[6.22999978 5.08200085] 
[2.36554529 4.14208728] 
[4.11116684 2.57390627] 
[3.623057   3.79467706] 
[6.84290291 2.16831691] 
[2.58587804 2.30315575] 
[5.60843079 2.36081527] 
[4.74799949 6.63700045] 
[2.7746976  2.97415551] 
[6.46599855 3.34300312] 
[5.32674762 4.67441484] 
[2.51899989 4.99299989] 
[4.15758948 4.97406461] 
[4.85262783 5.01806117] 
[4.67800017 3.16300003] 
[7.15263375 5.19517036] 
[6.33495322 4.20395046] 
[4.21800197 3.81400086] 
[7.00699964 3.59800026] 
[3.29899962 5.05599979] 
[5.16300051 3.82800038] 
[3.32900037 3.68999988] 
[6.51000035 6.494     ] 
[2.53528282 3.50228607] 
[7.06742244 6.51161723] 
[5.87400067 4.85600011] 
[6.08100063 5.77599975] 
[5.11982757 4.31768804] 
[6.82499945 4.19799982] 
[5.55900011 6.27200023] 
[5.31242433 2.54264472] 
[6.6429996  3.04199946] 
[3.20499532 2.51499262] 
[4.68399989 2.32700055] 
[6.57500064 4.99599949] 
[5.76600039 3.57199988] 
[4.04200004 4.33600011] 
[7.35400018 4.68399978] 
[2.91099986 3.85099975] 
[4.13400064 3.25499953] 
[2.73300008 4.52000002] 
[5.85199918 5.95399921] 
[3.65100064 4.98599953] 
59 
[4.73199814 4.91399896] 
[3.51164753 2.66129974] 
[7.19511305 5.1793377 ] 
[6.84290291 2.16831691] 
[3.11914904 4.50201104] 
[6.3331267  6.26475035] 
[5.15753677 3.09147046] 
[2.3494505  2.84876633] 
[5.28499978 4.5540003 ] 
[7.00699964 3.59800026] 
[5.55900011 6.27200023] 
[6.48799996 4.22099944] 
[5.60843079 2.36081527] 
[2.44900028 3.71599981] 
[4.21800197 3.81400086] 
[5.94503718 5.03584342] 
[7.10931821 6.48704059] 
[5.08600729 5.70248924] 
[4.07399989 2.18499996] 
[3.53123921 4.20588371] 
[5.16300012 3.82799995] 
[2.73300008 4.52000002] 
[4.15193143 4.97051701] 
[2.80880588 2.38508859] 
[4.67800011 3.16300016] 
[5.85199918 5.95399921] 
[4.11552843 2.62638199] 
[6.23897522 2.92395725] 
[7.10599967 4.66199997] 
[5.31242433 2.54264472] 
[5.92200127 4.68500218] 
[7.34299997 3.02099979] 
[2.51899989 4.99299989] 
[2.5956591  3.36265998] 
[4.74799949 6.63700045] 
[3.61700036 3.78399981] 
[5.71399953 4.02699998] 
[6.57500311 4.99599751] 
[6.38499997 3.70800012] 
[2.81574908 3.02134673] 
[5.1466625  4.96034965] 
[4.09772116 4.37308331] 
[4.74227926 4.34878448] 
[2.36554529 4.14208728] 
[3.29900177 5.05599961] 
[3.32900037 3.68999988] 
[6.71400029 5.42300058] 
[4.68399989 2.32700055] 
[2.44138642 2.3133257 ] 
[6.78800023 6.84399983] 
[2.91099986 3.85099975] 
[5.12100001 4.29899944] 
[5.38599977 3.27899982] 
[6.64299997 3.04199976] 
[5.74410536 6.70902969] 
[6.87264267 6.19986627] 
[5.76600039 3.57199988] 
[6.0719997 4.3490001] 
[6.08100063 5.77599975] 
60 
[5.55900011 6.27200023] 
[4.26469946 3.79983842] 
[6.46599855 3.34300312] 
[2.81574908 3.02134673] 
[3.11857509 4.34748545] 
[6.3331267  6.26475035] 
[5.17700001 4.88900015] 
[5.60843079 2.36081527] 
[7.10599967 4.66199997] 
[4.11116684 2.57390627] 
[5.02500124 3.72499922] 
[6.6429996  3.04199946] 
[6.22999978 5.08200085] 
[2.75699999 2.40300049] 
[7.06742244 6.51161723] 
[2.91099986 3.85099975] 
[4.0794576  4.90235535] 
[5.31242433 2.54264472] 
[6.84290291 2.16831691] 
[2.51899989 4.99299989] 
[4.09715554 4.33298085] 
[4.74799949 6.63700045] 
[5.08600729 5.70248924] 
[5.71158458 4.30812537] 
[5.48293301 3.32877528] 
[2.5130003 3.5700002] 
[2.34800085 4.35000005] 
[3.55382773 3.72843552] 
[4.53729198 3.06005869] 
[6.33495322 4.20395046] 
[3.5879997  2.83199999] 
[5.03684638 4.34123129] 
[7.34299997 3.02099979] 
[6.7140007  5.42300054] 
[6.82499945 4.19799982] 
[7.00699964 3.59800026] 
[2.5436973 2.2612075] 
[4.68399989 2.32700055] 
[5.74410536 6.70902969] 
[6.08100063 5.77599975] 
[4.78131908 4.9804353 ] 
[4.70888017 4.43927109] 
[6.87264267 6.19986627] 
[2.73300008 4.52000002] 
[6.57500064 4.99599949] 
[3.61599999 4.26199908] 
[7.21621508 5.17420729] 
[5.85199918 5.95399921] 
[4.07399989 2.18499996] 
[5.87400067 4.85600011] 
[2.36707065 2.87070148] 
[5.10699949 3.188     ] 
[3.05300031 3.59199997] 
[4.13400064 3.25499953] 
[3.20499723 2.51499614] 
[3.29899962 5.05599979] 
[6.23897522 2.92395725] 
[2.3769993  4.11500045] 
[5.37499978 4.6370008 ] 
[5.20271294 3.91187539] 
