121 
[5.33   4.5955] 
[2.5189999  4.99299995] 
[4.05900029 2.5340013 ] 
[6.80200017 5.00399945] 
[2.60300028 3.37600047] 
[6.84290291 2.16831691] 
[4.74799949 6.63700045] 
[6.25000442 6.30100665] 
[5.17567154 3.85740863] 
[6.10100021 2.6880003 ] 
[4.04799995 4.62200006] 
[6.82499945 4.19799982] 
[5.49500027 2.72500031] 
[2.78899975 2.18499973] 
[3.09199929 4.3319992 ] 
[5.07699962 5.6820001 ] 
[6.87264267 6.19986627] 
[5.61399972 6.59899985] 
[4.77100002 3.81100004] 
[7.34299997 3.02099979] 
[4.83600442 4.99600665] 
[5.92200068 4.68500004] 
[2.73601    2.71600892] 
[6.6429996  3.04199946] 
[3.61700036 3.78399981] 
[5.17900039 2.99899988] 
[4.84300017 4.50099945] 
[2.3769993  4.11500045] 
[4.49000088 3.06400055] 
[6.71400029 5.42300058] 
[2.3494505  2.84876633] 
[7.14400073 5.14800017] 
[6.83000021 3.4190003 ] 
[6.22400023 5.59299983] 
[2.9399996  4.72899992] 
[5.64299909 2.15699993] 
[3.5879997  2.83199999] 
[6.38499997 3.70800012] 
[5.35500009 6.16900051] 
[5.85200017 5.95399945] 
[7.23961881 4.68872672] 
[5.76600039 3.57199988] 
[5.16299951 2.53699992] 
[3.05300031 3.59199997] 
[6.95400162 6.42999992] 
[4.40000004 3.97000032] 
[3.20499723 2.51499614] 
[4.68399989 2.32700055] 
[6.22999978 5.08200085] 
[3.65100064 4.98599953] 
[2.757      2.40300001] 
[5.38599888 3.27900291] 
[4.07400032 2.18499996] 
[6.07200037 4.34899988] 
[5.25599971 4.19299869] 
[4.85700045 3.27799991] 
[4.15193143 4.97051701] 
[5.80400059 5.02699989] 
[2.35300047 2.20800024] 
[6.78800023 6.84399983] 
[4.95499968 5.19499952] 
[6.48799949 4.22099969] 
[3.28700012 4.17900008] 
[5.70299987 2.41700006] 
[4.13400064 3.25499953] 
[4.103  4.2685] 
[6.30999971 4.70099971] 
[5.04099994 5.96400004] 
[4.67799997 4.2790007 ] 
[3.61599999 4.26199908] 
[2.88199989 3.15300051] 
[4.48700417 5.08200465] 
[2.34800085 4.35000005] 
[5.73499953 4.39199998] 
[4.40100472 3.65400409] 
[5.03600067 4.34100028] 
[3.11800037 4.51199933] 
[5.71399953 4.02699998] 
[2.91099986 3.85099975] 
[2.43200338 2.44800225] 
[5.71100002 5.67400004] 
[2.44900028 3.71599981] 
[4.83600004 2.82000032] 
[6.51000035 6.494     ] 
[5.17700002 4.88900006] 
[3.29900032 5.05599974] 
[6.31099986 6.05800046] 
[2.3399999  4.88100039] 
[5.55899964 6.27200016] 
[2.7329996  4.52000005] 
[5.43499971 4.34499971] 
[2.96299907 2.91599906] 
[6.95399999 4.64700019] 
[7.00099971 5.39599971] 
[6.08100002 5.7760013 ] 
[3.32900043 3.68999988] 
[5.31600005 2.52600006] 
[6.23900026 2.92399991] 
[7.00699843 3.5979984 ] 
[4.83399994 4.07199941] 
[5.61500021 3.1240003 ] 
[4.49799976 3.35599964] 
[7.17199835 6.495     ] 
[7.30000035 5.324     ] 
[2.68500045 2.95599991] 
[4.21800027 3.81400031] 
[4.26099996 4.58400002] 
[4.09700084 2.73200031] 
[5.10700034 3.18799993] 
[6.57499992 4.9959993 ] 
[5.1619999  3.64399999] 
[6.46599968 3.34300017] 
[5.45500023 4.88199983] 
[3.14799986 4.78200011] 
[2.50099975 3.22500012] 
[4.47300017 4.60000027] 
[5.20700013 4.45800019] 
[5.61000002 5.90700004] 
[3.85300001 2.28800001] 
[5.74799977 6.71100063] 
[4.7320002  4.91400017] 
122 
[5.55899964 6.27200016] 
[5.18797257 4.03425012] 
[3.32900043 3.68999988] 
[5.64299909 2.15699993] 
[7.14400073 5.14800017] 
[2.43200338 2.44800225] 
[6.6429996  3.04199946] 
[4.10502912 2.56880438] 
[4.732     4.9139997] 
[7.13625856 6.46829266] 
[2.51899989 4.99299989] 
[6.57499992 4.9959993 ] 
[5.38599888 3.27900291] 
[4.103  4.2685] 
[2.44899975 3.71600012] 
[4.49799976 3.35599964] 
[5.73499953 4.39199998] 
[6.95399999 4.64700019] 
[6.08100002 5.7760013 ] 
[3.11800037 4.51199933] 
[4.74799949 6.63700045] 
[5.07699962 5.6820001 ] 
[6.84290291 2.16831691] 
[7.34299997 3.02099979] 
[6.38499997 3.70800012] 
[5.80400059 5.02699989] 
[2.88199989 3.15300051] 
[5.49500027 2.72500031] 
[3.29900032 5.05599974] 
[4.68399989 2.32700055] 
[4.67799997 4.2790007 ] 
[2.50099975 3.22500012] 
[3.20499723 2.51499614] 
[2.34800085 4.35000005] 
[6.82499945 4.19799982] 
[5.61399972 6.59899985] 
[5.16300061 3.82800011] 
[6.83000021 3.4190003 ] 
[4.48700417 5.08200465] 
[6.71399932 5.42300001] 
[5.17700001 4.88900015] 
[4.40100472 3.65400409] 
[3.55500043 2.61899988] 
[6.07200037 4.34899988] 
[2.91099986 3.85099975] 
[5.71100002 5.67400004] 
[4.07400032 2.18499996] 
[3.61599999 4.26199908] 
[6.69999885 6.20099887] 
[7.23961881 4.68872672] 
[5.16299951 2.53699992] 
[6.28000005 6.13099991] 
[5.20700013 4.45800019] 
[2.94000034 4.72899996] 
[4.25099809 4.93900108] 
[4.77100002 3.81100004] 
[6.10100021 2.6880003 ] 
[6.78800023 6.84399983] 
[2.3494505  2.84876633] 
[4.04799995 4.62200006] 
[4.48999897 3.06399849] 
[2.3769993  4.11500045] 
[6.46599968 3.34300017] 
[2.757      2.40300001] 
[4.85699983 3.27799997] 
[4.83600004 2.82000032] 
[6.30999971 4.70099971] 
[5.76600039 3.57199988] 
[5.70299987 2.41700006] 
[2.59966271 3.45939539] 
[2.78899975 2.18499973] 
[6.51000035 6.494     ] 
[5.15753677 3.09147046] 
[4.47300017 4.60000027] 
[3.65100064 4.98599953] 
[4.13400064 3.25499953] 
[3.72100007 3.84200011] 
[2.35300043 2.20799988] 
[6.22400023 5.59299983] 
[5.0519998  4.48800021] 
[6.22999978 5.08200085] 
[4.95500017 5.19499945] 
[5.92200068 4.68500004] 
[5.16200004 3.64399954] 
[5.71399953 4.02699998] 
[3.28700012 4.17900008] 
[6.23900026 2.92399991] 
[6.48799949 4.22099969] 
[4.40000004 3.97000032] 
[5.61500021 3.1240003 ] 
[5.35500009 6.16900051] 
[5.45500023 4.88199983] 
[2.7329996  4.52000005] 
[5.31600005 2.52600006] 
[3.05300031 3.59199997] 
[5.25800002 5.91100004] 
[7.00699843 3.5979984 ] 
[5.43499971 4.34499971] 
[2.96299907 2.91599906] 
[3.85300001 2.28800001] 
[7.00099971 5.39599971] 
[5.85200017 5.95399945] 
[3.09199929 4.3319992 ] 
[5.61000002 5.90700004] 
[2.68500012 2.95600033] 
[3.95799957 4.86700019] 
[4.83399994 4.07199941] 
[5.33   4.5955] 
[2.55999983 2.24600074] 
[6.90500022 6.18100032] 
[6.80200017 5.00399945] 
[5.74799977 6.71100063] 
[5.04099885 5.96399887] 
[3.58800032 2.83200024] 
[3.55200045 3.72500034] 
[6.75400442 5.58600665] 
[7.01300003 6.64600003] 
[4.84300017 4.50099945] 
[7.30000035 5.324     ] 
[4.26099996 4.58400002] 
[4.21800027 3.81400031] 
[5.03600058 4.34099964] 
123 
[5.33   4.5955] 
[2.44900028 3.71599981] 
[5.74410536 6.70902969] 
[6.95399999 4.64700019] 
[5.16299951 2.53699992] 
[3.61599999 4.26199908] 
[7.34299997 3.02099979] 
[3.55500043 2.61899988] 
[5.16299961 3.82799992] 
[6.51000035 6.494     ] 
[2.9399996  4.72899992] 
[4.26099996 4.58400002] 
[5.07699962 5.6820001 ] 
[6.48799949 4.22099969] 
[2.35300047 2.20800024] 
[6.6429996  3.04199946] 
[6.71400029 5.42300058] 
[4.29300004 2.75200032] 
[6.84290291 2.16831691] 
[6.08100002 5.7760013 ] 
[5.80400059 5.02699989] 
[4.74799949 6.63700045] 
[5.10700038 3.18799992] 
[6.95400162 6.42999992] 
[2.3494505  2.84876633] 
[4.40000004 3.97000032] 
[7.21621508 5.17420729] 
[4.732     4.9139997] 
[5.70299987 2.41700006] 
[2.757      2.40300001] 
[6.38499997 3.70800012] 
[3.32900043 3.68999988] 
[5.35500009 6.16900051] 
[5.12100029 4.29899988] 
[3.85300001 2.28800001] 
[4.49799976 3.35599964] 
[5.71399953 4.02699998] 
[3.65100064 4.98599953] 
[2.91099986 3.85099975] 
[6.57499992 4.9959993 ] 
[2.96299907 2.91599906] 
[7.00699843 3.5979984 ] 
[5.76600039 3.57199988] 
[4.67799997 4.2790007 ] 
[2.34800085 4.35000005] 
[2.5956591  3.36265998] 
[4.68399954 2.32699996] 
[3.11800037 4.51199933] 
[4.25099809 4.93900108] 
[6.31099986 6.05800046] 
[6.22999978 5.08200085] 
[2.5189999  4.99299995] 
[6.07200037 4.34899988] 
[6.90500022 6.18100032] 
[6.10100021 2.6880003 ] 
[5.38599888 3.27900291] 
[5.17700001 4.88900015] 
[7.23961881 4.68872672] 
[4.83399994 4.07199941] 
[2.29899984 3.95700008] 
[4.83600004 2.82000032] 
[5.61000002 5.90700004] 
[5.73499953 4.39199998] 
[5.64299909 2.15699993] 
[3.61700036 3.78399981] 
[3.20499723 2.51499614] 
[4.103  4.2685] 
[6.78800023 6.84399983] 
[5.04099885 5.96399887] 
[2.78899975 2.18499973] 
[6.46599968 3.34300017] 
[6.82499945 4.19799982] 
[4.48700417 5.08200465] 
[6.80200017 5.00399945] 
[5.49500027 2.72500031] 
[4.13400064 3.25499953] 
[3.29900032 5.05599974] 
[2.68500045 2.95599991] 
[4.49000088 3.06400055] 
[4.10502912 2.56880438] 
[4.40100472 3.65400409] 
[3.28700012 4.17900008] 
[4.85700045 3.27799991] 
[7.00099971 5.39599971] 
[5.31600005 2.52600006] 
[4.07400032 2.18499996] 
[5.55899964 6.27200016] 
[2.43200338 2.44800225] 
[5.43499971 4.34499971] 
[2.3399999  4.88100039] 
[5.61500021 3.1240003 ] 
[3.09199929 4.3319992 ] 
[5.92200068 4.68500004] 
[7.172      6.49500018] 
[3.14799986 4.78200011] 
[2.37699978 4.11500041] 
[6.23900026 2.92399991] 
[6.83000021 3.4190003 ] 
[4.77100002 3.81100004] 
[4.21800027 3.81400031] 
[5.17899976 3.9750009 ] 
[3.05300031 3.59199997] 
[5.85200017 5.95399945] 
[5.71100002 5.67400004] 
[6.30999971 4.70099971] 
[5.05199982 4.48800055] 
[5.45500023 4.88199983] 
[2.88199989 3.15300051] 
[4.47300017 4.60000027] 
[2.73601    2.71600892] 
[7.01300003 6.64600003] 
[6.22400023 5.59299983] 
[3.58800032 2.83200024] 
[2.7329996  4.52000005] 
[5.17899964 2.99899993] 
[6.25000442 6.30100665] 
[3.95799957 4.86700019] 
[4.55300004 2.49800032] 
[4.95500017 5.19499945] 
[6.69999885 6.20099887] 
[5.25800002 5.91100004] 
[5.29399992 3.86599768] 
[4.04799995 4.62200006] 
124 
[3.5879997  2.83199999] 
[5.80399958 5.02699983] 
[5.64299909 2.15699993] 
[2.34800085 4.35000005] 
[5.17567154 3.85740863] 
[6.69999885 6.20099887] 
[6.46599968 3.34300017] 
[5.17700002 4.88900006] 
[2.3494505  2.84876633] 
[5.61000002 5.90700004] 
[6.80200017 5.00399945] 
[3.61599999 4.26199908] 
[4.55300004 2.49800032] 
[6.84290291 2.16831691] 
[4.85699983 3.27799997] 
[3.65100064 4.98599953] 
[4.74799949 6.63700045] 
[4.26100059 4.58400015] 
[5.74410536 6.70902969] 
[5.61500021 3.1240003 ] 
[3.32900043 3.68999988] 
[2.88199989 3.15300051] 
[6.82499945 4.19799982] 
[2.9399996  4.72899992] 
[4.05900029 2.5340013 ] 
[2.757      2.40300001] 
[7.34299997 3.02099979] 
[4.21800027 3.81400031] 
[5.49500027 2.72500031] 
[6.07200037 4.34899988] 
[2.5956591  3.36265998] 
[7.30000035 5.324     ] 
[7.01300003 6.64600003] 
[5.07699962 5.6820001 ] 
[5.55899964 6.27200016] 
[7.10599872 4.66199991] 
[6.10100021 2.6880003 ] 
[6.31099986 6.05800046] 
[2.91099986 3.85099975] 
[5.15753677 3.09147046] 
[4.48700417 5.08200465] 
[4.67799997 4.2790007 ] 
[7.00099971 5.39599971] 
[5.03417128 4.45704107] 
[5.92200068 4.68500004] 
[2.29899984 3.95700008] 
[7.00699843 3.5979984 ] 
[2.3399999  4.88100039] 
[5.71399953 4.02699998] 
[4.04799995 4.62200006] 
[2.43200338 2.44800225] 
[3.12077362 4.45505133] 
[3.20499723 2.51499614] 
[5.16200004 3.64399954] 
[6.22999978 5.08200085] 
[4.83600442 4.99600665] 
[4.13400064 3.25499953] 
[4.07400032 2.18499996] 
[5.22703552 4.20170191] 
[6.08100002 5.7760013 ] 
[4.103  4.2685] 
[5.31600005 2.52600006] 
[6.6429996  3.04199946] 
[5.76600039 3.57199988] 
[6.71400029 5.42300058] 
[4.25099809 4.93900108] 
[3.61700036 3.78399981] 
[4.77100002 3.81100004] 
[5.04099885 5.96399887] 
[4.49000033 3.06399991] 
[6.48799949 4.22099969] 
[2.44900028 3.71599981] 
[7.13625856 6.46829266] 
[5.33   4.5955] 
[2.73601    2.71600892] 
[3.14799986 4.78200011] 
[6.30999971 4.70099971] 
[6.38499997 3.70800012] 
[4.49799976 3.35599964] 
[4.09700084 2.73200031] 
[4.83600004 2.82000032] 
[5.70299987 2.41700006] 
[5.33599968 3.70800017] 
[5.73499953 4.39199998] 
[6.23900026 2.92399991] 
[6.51000035 6.494     ] 
[2.5189999  4.99299995] 
[2.37699978 4.11500041] 
[3.05300031 3.59199997] 
[6.57500032 4.99600024] 
[6.78800023 6.84399983] 
[2.55999983 2.24600074] 
[5.35500009 6.16900051] 
[7.35400018 4.68399978] 
[4.83399994 4.07199941] 
[3.29900032 5.05599974] 
[5.45500023 4.88199983] 
[2.68500045 2.95599991] 
[7.14400073 5.14800017] 
[2.96299907 2.91599906] 
[3.28700012 4.17900008] 
[6.90500022 6.18100032] 
[6.25000442 6.30100665] 
[4.68399954 2.32699996] 
[6.83000021 3.4190003 ] 
[5.25800002 5.91100004] 
[4.40000004 3.97000032] 
[3.85300001 2.28800001] 
[5.71100002 5.67400004] 
[5.87400028 4.8560003 ] 
[5.85200017 5.95399945] 
[5.16299951 2.53699992] 
[5.38599888 3.27900291] 
[2.78899975 2.18499973] 
[4.7320002  4.91400017] 
[5.43499971 4.34499971] 
[4.95500017 5.19499945] 
[4.40100472 3.65400409] 
[3.95799957 4.86700019] 
[2.7329996  4.52000005] 
[6.22400023 5.59299983] 
[6.53499953 4.79799998] 
[2.35300043 2.20799988] 
[5.09900064 5.05200046] 
125 
[7.34299997 3.02099979] 
[3.11800037 4.51199933] 
[5.25599971 4.19299869] 
[5.61000002 5.90700004] 
[3.20500032 2.51500024] 
[5.10700034 3.18799993] 
[7.23961881 4.68872672] 
[7.172      6.49500018] 
[2.5956591  3.36265998] 
[6.30999971 4.70099971] 
[4.26100059 4.58400015] 
[6.38500021 3.7080003 ] 
[4.07400032 2.18499996] 
[4.13400064 3.25499953] 
[5.64299909 2.15699993] 
[2.34800085 4.35000005] 
[4.74799949 6.63700045] 
[6.23900026 2.92399991] 
[4.95500017 5.19499945] 
[2.43200338 2.44800225] 
[6.71400029 5.42300058] 
[6.25000442 6.30100665] 
[6.84290291 2.16831691] 
[3.61599999 4.26199908] 
[3.32900043 3.68999988] 
[4.09700084 2.73200031] 
[2.5189999  4.99299995] 
[5.31600005 2.52600006] 
[5.61399972 6.59899985] 
[6.22999978 5.08200085] 
[4.67799997 4.2790007 ] 
[6.48799971 4.22100023] 
[5.80400059 5.02699989] 
[7.30000035 5.324     ] 
[4.21800027 3.81400031] 
[4.25099809 4.93900108] 
[5.16300061 3.82800011] 
[5.07699962 5.6820001 ] 
[7.00699843 3.5979984 ] 
[4.68399989 2.32700055] 
[2.33400003 2.82400007] 
[6.87264267 6.19986627] 
[2.68500045 2.95599991] 
[3.29900032 5.05599974] 
[6.08100002 5.7760013 ] 
[2.91099986 3.85099975] 
[5.17700001 4.88900015] 
[5.28499984 4.55400028] 
[3.58800032 2.83200024] 
[4.77100002 3.81100004] 
[5.71399953 4.02699998] 
[5.38599888 3.27900291] 
[6.07200037 4.34899988] 
[4.85699983 3.27799997] 
[5.55899964 6.27200016] 
[4.732     4.9139997] 
[6.57499992 4.9959993 ] 
[2.29899984 3.95700008] 
[6.78800023 6.84399983] 
[2.75699999 2.40300049] 
[4.05900029 2.5340013 ] 
[3.61700036 3.78399981] 
[5.76600039 3.57199988] 
[4.103  4.2685] 
[5.04099994 5.96400004] 
[6.6429996  3.04199946] 
[5.70299987 2.41700006] 
[2.94000034 4.72899996] 
[6.82499945 4.19799982] 
[5.16200004 3.64399954] 
[6.51000035 6.494     ] 
[6.46599968 3.34300017] 
[5.43499971 4.34499971] 
[3.65100064 4.98599953] 
[5.03600058 4.34099964] 
[7.00099971 5.39599971] 
[2.35300043 2.20799988] 
[5.49500027 2.72500031] 
[2.55999983 2.24600074] 
[2.44900028 3.71599981] 
[2.96299907 2.91599906] 
[6.10100021 2.6880003 ] 
[2.3399999  4.88100039] 
[6.95399999 4.64700019] 
[4.48700417 5.08200465] 
[5.92200068 4.68500004] 
[2.7329996  4.52000005] 
[4.83600004 2.82000032] 
[2.37699978 4.11500041] 
[5.71100002 5.67400004] 
[3.09199929 4.3319992 ] 
[5.45500023 4.88199983] 
[7.14400073 5.14800017] 
[4.49799976 3.35599964] 
[5.35500009 6.16900051] 
[6.31099986 6.05800046] 
[3.05300031 3.59199997] 
[6.22400023 5.59299983] 
[5.73499953 4.39199998] 
[5.17899952 3.97500045] 
[6.80200017 5.00399945] 
[6.83000021 3.4190003 ] 
[2.78899975 2.18499973] 
[4.83399994 4.07199941] 
[5.85200017 5.95399945] 
[6.95400162 6.42999992] 
[4.40000004 3.97000032] 
[4.84300115 4.50100036] 
[4.49000033 3.06399991] 
[7.01300003 6.64600003] 
[3.55500043 2.61899988] 
[5.61500021 3.1240003 ] 
[3.95799957 4.86700019] 
[6.27800472 3.54800409] 
[3.28700012 4.17900008] 
[2.28999975 3.02499973] 
[3.85300001 2.28800001] 
[5.16299951 2.53699992] 
[2.88199989 3.15300051] 
[4.04799995 4.62200006] 
[6.35700035 4.12099981] 
[3.12700045 2.32499991] 
[5.74799977 6.71100063] 
[5.17900039 2.99899988] 
[4.40100472 3.65400409] 
126 
[5.49500027 2.72500031] 
[5.07699962 5.6820001 ] 
[3.05300031 3.59199997] 
[6.95399999 4.64700019] 
[6.51000035 6.494     ] 
[5.33   4.5955] 
[4.10502912 2.56880438] 
[6.10100021 2.6880003 ] 
[4.103  4.2685] 
[2.3399999  4.88100039] 
[2.75699999 2.40300049] 
[5.15753677 3.09147046] 
[5.85200017 5.95399945] 
[2.9399996  4.72899992] 
[6.48799949 4.22099969] 
[4.40100472 3.65400409] 
[5.55899964 6.27200016] 
[6.83000021 3.4190003 ] 
[6.22999978 5.08200085] 
[5.17899952 3.97500045] 
[2.3769993  4.11500045] 
[4.48700417 5.08200465] 
[7.00099971 5.39599971] 
[6.84290291 2.16831691] 
[6.95400162 6.42999992] 
[3.55200045 3.72500034] 
[4.74799949 6.63700045] 
[3.09199929 4.3319992 ] 
[2.28999975 3.02499973] 
[4.84300017 4.50099945] 
[2.96299907 2.91599906] 
[5.71399953 4.02699998] 
[3.65100064 4.98599953] 
[2.5956591  3.36265998] 
[4.49000033 3.06399991] 
[2.35300047 2.20800024] 
[7.34299997 3.02099979] 
[5.64299909 2.15699993] 
[3.58800032 2.83200024] 
[5.09900064 5.05200046] 
[4.68399954 2.32699996] 
[5.74410536 6.70902969] 
[6.38499997 3.70800012] 
[6.28000005 6.13099991] 
[6.57499992 4.9959993 ] 
[5.92200068 4.68500004] 
[3.61599999 4.26199908] 
[4.07400032 2.18499996] 
[6.22400023 5.59299983] 
[7.21621508 5.17420729] 
[6.6429996  3.04199946] 
[5.16300061 3.82800011] 
[6.82499945 4.19799982] 
[4.25099809 4.93900108] 
[5.31600005 2.52600006] 
[7.23961881 4.68872672] 
[4.67800017 3.16300035] 
[3.12700045 2.32499991] 
[5.76600039 3.57199988] 
[6.78800023 6.84399983] 
[4.83600442 4.99600665] 
[6.07200037 4.34899988] 
[4.13400064 3.25499953] 
[4.47300017 4.60000027] 
[2.5189999  4.99299995] 
[5.80400059 5.02699989] 
[5.25599971 4.19299869] 
[2.91099986 3.85099975] 
[2.43200338 2.44800225] 
[2.44900028 3.71599981] 
[5.61500021 3.1240003 ] 
[6.87264267 6.19986627] 
[3.14799986 4.78200011] 
[6.71400029 5.42300058] 
[4.67799997 4.2790007 ] 
[5.25800002 5.91100004] 
[5.73499953 4.39199998] 
[6.30999971 4.70099971] 
[2.78899975 2.18499973] 
[5.16200004 3.64399954] 
[4.83600004 2.82000032] 
[4.40000004 3.97000032] 
[6.46599968 3.34300017] 
[5.03600067 4.34100028] 
[4.26099996 4.58400002] 
[2.34800085 4.35000005] 
[6.08100002 5.7760013 ] 
[5.71100002 5.67400004] 
[5.35500009 6.16900051] 
[2.88199989 3.15300051] 
[5.20700013 4.45800019] 
[5.38599888 3.27900291] 
[3.85300001 2.28800001] 
[3.29900032 5.05599974] 
[2.33400003 2.82400007] 
[4.83399994 4.07199941] 
[5.70299987 2.41700006] 
[7.00699843 3.5979984 ] 
[6.23900026 2.92399991] 
[2.68500045 2.95599991] 
[5.45500023 4.88199983] 
[7.01300003 6.64600003] 
[4.29300004 2.75200032] 
[4.77100002 3.81100004] 
[3.28700012 4.17900008] 
[3.55500043 2.61899988] 
[7.172      6.49500018] 
[2.7329996  4.52000005] 
[4.49799976 3.35599964] 
[3.11800037 4.51199933] 
[4.95500017 5.19499945] 
[5.61000002 5.90700004] 
[5.17700002 4.88900006] 
[3.72100007 3.84200011] 
[4.7320002  4.91400017] 
[6.80200017 5.00399945] 
[4.21800027 3.81400031] 
[3.95799957 4.86700019] 
[4.55300004 2.49800032] 
[4.04799995 4.62200006] 
[5.16299951 2.53699992] 
[3.32900043 3.68999988] 
[4.85700045 3.27799991] 
[5.04099885 5.96399887] 
[3.20500032 2.51500024] 
[5.43499971 4.34499971] 
127 
[6.22400023 5.59299983] 
[4.04799995 4.62200006] 
[4.10502912 2.56880438] 
[7.34299997 3.02099979] 
[2.5956591  3.36265998] 
[4.83399994 4.07199941] 
[5.49500027 2.72500031] 
[2.73300008 4.52000002] 
[6.48799949 4.22099969] 
[2.73601    2.71600892] 
[3.28700012 4.17900008] 
[5.33   4.5955] 
[6.69999885 6.20099887] 
[5.07699962 5.6820001 ] 
[7.14400073 5.14800017] 
[4.74799949 6.63700045] 
[6.6429996  3.04199946] 
[5.55899964 6.27200016] 
[4.732     4.9139997] 
[4.85700045 3.27799991] 
[6.84290291 2.16831691] 
[5.38599888 3.27900291] 
[2.34800085 4.35000005] 
[2.43200338 2.44800225] 
[6.57500311 4.99599751] 
[7.10599872 4.66199991] 
[6.30999971 4.70099971] 
[5.70299987 2.41700006] 
[7.13625856 6.46829266] 
[4.40100472 3.65400409] 
[5.73499953 4.39199998] 
[3.32900043 3.68999988] 
[3.20500032 2.51500024] 
[5.16200004 3.64399954] 
[5.25599971 4.19299869] 
[5.92200068 4.68500004] 
[3.65100064 4.98599953] 
[6.38499997 3.70800012] 
[6.83000021 3.4190003 ] 
[2.33400003 2.82400007] 
[5.85200017 5.95399945] 
[4.83600004 2.82000032] 
[4.95500017 5.19499945] 
[4.68399954 2.32699996] 
[5.31600005 2.52600006] 
[6.71400029 5.42300058] 
[4.07400032 2.18499996] 
[6.28000005 6.13099991] 
[2.3399999  4.88100039] 
[2.44900028 3.71599981] 
[4.41800472 2.91400409] 
[4.67799997 4.2790007 ] 
[5.74410536 6.70902969] 
[5.87400028 4.8560003 ] 
[3.09199929 4.3319992 ] 
[4.25099809 4.93900108] 
[2.3769993  4.11500045] 
[2.55999983 2.24600074] 
[6.23900026 2.92399991] 
[4.103  4.2685] 
[3.58800032 2.83200024] 
[6.07200037 4.34899988] 
[3.61700036 3.78399981] 
[3.61599999 4.26199908] 
[6.78800023 6.84399983] 
[4.13400064 3.25499953] 
[6.82499945 4.19799982] 
[5.03600067 4.34100028] 
[5.76600039 3.57199988] 
[3.11800037 4.51199933] 
[5.64299909 2.15699993] 
[6.51000035 6.494     ] 
[2.91099986 3.85099975] 
[5.17900039 2.99899988] 
[5.17700001 4.88900015] 
[3.05300031 3.59199997] 
[2.88199989 3.15300051] 
[6.22999978 5.08200085] 
[2.5189999  4.99299995] 
[7.35400018 4.68399978] 
[5.33599968 3.70800017] 
[5.25800002 5.91100004] 
[5.43499971 4.34499971] 
[4.21800027 3.81400031] 
[6.46599968 3.34300017] 
[5.61000002 5.90700004] 
[4.48700417 5.08200465] 
[5.71399953 4.02699998] 
[3.14799986 4.78200011] 
[5.35500009 6.16900051] 
[3.29900032 5.05599974] 
[7.00099971 5.39599971] 
[6.90500022 6.18100032] 
[6.08100002 5.7760013 ] 
[4.40000004 3.97000032] 
[7.00699843 3.5979984 ] 
[4.47300017 4.60000027] 
[4.67800017 3.16300035] 
[5.45500023 4.88199983] 
[6.10100021 2.6880003 ] 
[2.757      2.40300001] 
[5.61500021 3.1240003 ] 
[7.30000035 5.324     ] 
[4.49799976 3.35599964] 
[4.77100002 3.81100004] 
[5.16299951 2.53699992] 
[4.84300017 4.50099945] 
[3.85300001 2.28800001] 
[5.04099885 5.96399887] 
[3.95799957 4.86700019] 
[2.96299907 2.91599906] 
[7.01300003 6.64600003] 
[5.71100002 5.67400004] 
[5.80399958 5.02699983] 
[2.68500045 2.95599991] 
[5.17567154 3.85740863] 
[5.10700034 3.18799993] 
[2.78899975 2.18499973] 
[3.12700045 2.32499991] 
[4.26099996 4.58400002] 
[2.35300043 2.20799988] 
[4.29300004 2.75200032] 
[3.55500043 2.61899988] 
[5.20700013 4.45800019] 
[2.28999975 3.02499973] 
[4.48999986 3.06399972] 
[4.55300004 2.49800032] 
128 
[5.71399953 4.02699998] 
[2.91099986 3.85099975] 
[7.00099971 5.39599971] 
[4.49000033 3.06399991] 
[5.04099885 5.96399887] 
[6.84290291 2.16831691] 
[4.21800035 3.81399984] 
[6.90500022 6.18100032] 
[2.73601    2.71600892] 
[3.14799986 4.78200011] 
[4.67799997 4.2790007 ] 
[5.61500021 3.1240003 ] 
[7.00699843 3.5979984 ] 
[5.92200068 4.68500004] 
[5.85200017 5.95399945] 
[5.16299951 2.53699992] 
[3.72100007 3.84200011] 
[5.20700013 4.45800019] 
[3.55500043 2.61899988] 
[4.25099809 4.93900108] 
[2.34800085 4.35000005] 
[6.82499945 4.19799982] 
[5.74410536 6.70902969] 
[6.23900026 2.92399991] 
[7.10599872 4.66199991] 
[5.16299981 3.82799955] 
[2.5956591  3.36265998] 
[4.74799949 6.63700045] 
[2.35300047 2.20800024] 
[4.07400032 2.18499996] 
[4.95500017 5.19499945] 
[7.34299997 3.02099979] 
[5.70299987 2.41700006] 
[4.68399954 2.32699996] 
[2.5189999  4.99299995] 
[6.22999978 5.08200085] 
[6.46599968 3.34300017] 
[6.25000442 6.30100665] 
[3.11800037 4.51199933] 
[5.17900039 2.99899988] 
[7.13625856 6.46829266] 
[5.55899964 6.27200016] 
[5.17700001 4.88900015] 
[4.04799995 4.62200006] 
[6.07200037 4.34899988] 
[4.09700084 2.73200031] 
[3.12700045 2.32499991] 
[6.57499992 4.9959993 ] 
[2.3494505  2.84876633] 
[7.14400073 5.14800017] 
[3.29900032 5.05599974] 
[6.08100002 5.7760013 ] 
[5.10700034 3.18799993] 
[3.61599999 4.26199908] 
[3.55200045 3.72500034] 
[4.732     4.9139997] 
[5.87400028 4.8560003 ] 
[6.6429996  3.04199946] 
[2.7329996  4.52000005] 
[6.78800023 6.84399983] 
[5.07699962 5.6820001 ] 
[4.77100002 3.81100004] 
[6.38499997 3.70800012] 
[2.44900028 3.71599981] 
[2.29899984 3.95700008] 
[5.25599971 4.19299869] 
[5.76600039 3.57199988] 
[2.88199989 3.15300051] 
[5.38599888 3.27900291] 
[5.31600005 2.52600006] 
[6.51000035 6.494     ] 
[4.103  4.2685] 
[5.71100002 5.67400004] 
[3.65100064 4.98599953] 
[5.73499953 4.39199998] 
[3.09199929 4.3319992 ] 
[4.13400064 3.25499953] 
[6.71400029 5.42300058] 
[6.80200017 5.00399945] 
[2.43200338 2.44800225] 
[5.45500023 4.88199983] 
[4.83600004 2.82000032] 
[5.35500009 6.16900051] 
[4.83399994 4.07199941] 
[3.05300031 3.59199997] 
[4.40100472 3.65400409] 
[2.75699974 2.40299995] 
[5.64299909 2.15699993] 
[6.48799949 4.22099969] 
[3.95799957 4.86700019] 
[5.43499971 4.34499971] 
[2.9399996  4.72899992] 
[6.10100021 2.6880003 ] 
[4.85700045 3.27799991] 
[4.05900029 2.5340013 ] 
[3.28700012 4.17900008] 
[5.03600067 4.34100028] 
[4.48700417 5.08200465] 
[5.61000002 5.90700004] 
[4.49799976 3.35599964] 
[6.31099986 6.05800046] 
[6.30999971 4.70099971] 
[2.96299907 2.91599906] 
[6.83000021 3.4190003 ] 
[6.22400023 5.59299983] 
[2.37699978 4.11500041] 
[7.35400018 4.68399978] 
[5.33   4.5955] 
[4.26099996 4.58400002] 
[3.85300001 2.28800001] 
[4.67800017 3.16300035] 
[5.33599968 3.70800017] 
[3.32900043 3.68999988] 
[4.55300004 2.49800032] 
[3.20500032 2.51500024] 
[5.80399958 5.02699983] 
[5.25800002 5.91100004] 
[7.30000035 5.324     ] 
[2.68500045 2.95599991] 
[4.84300017 4.50099945] 
[2.3399999  4.88100039] 
[5.17899952 3.97500045] 
[3.58800032 2.83200024] 
[6.69999885 6.20099887] 
[5.49500027 2.72500031] 
[4.47300017 4.60000027] 
[5.16200004 3.64399954] 
[7.01300003 6.64600003] 
129 
[6.84290291 2.16831691] 
[4.26100059 4.58400015] 
[6.22400023 5.59299983] 
[2.96299907 2.91599906] 
[5.15753677 3.09147046] 
[2.5189999  4.99299995] 
[4.74799949 6.63700045] 
[6.82499945 4.19799982] 
[6.87264267 6.19986627] 
[4.09700084 2.73200031] 
[5.25599971 4.19299869] 
[3.05300031 3.59199997] 
[5.61000002 5.90700004] 
[6.6429996  3.04199946] 
[5.37899893 2.56900052] 
[7.30000035 5.324     ] 
[5.45500023 4.88199983] 
[3.09199929 4.3319992 ] 
[2.43200338 2.44800225] 
[6.30999971 4.70099971] 
[2.3769993  4.11500045] 
[3.72100007 3.84200011] 
[4.40100472 3.65400409] 
[5.61399972 6.59899985] 
[3.29900032 5.05599974] 
[4.95500017 5.19499945] 
[7.34299997 3.02099979] 
[3.20499723 2.51499614] 
[4.83600004 2.82000032] 
[2.50099975 3.22500012] 
[6.80200017 5.00399945] 
[6.38499997 3.70800012] 
[4.04799995 4.62200006] 
[6.23900026 2.92399991] 
[7.35400018 4.68399978] 
[5.33599968 3.70800017] 
[5.20700013 4.45800019] 
[7.00699843 3.5979984 ] 
[4.07400032 2.18499996] 
[5.87400028 4.8560003 ] 
[5.04099885 5.96399887] 
[6.51000035 6.494     ] 
[6.48799949 4.22099969] 
[5.64299909 2.15699993] 
[4.68399954 2.32699996] 
[6.25000442 6.30100665] 
[2.55999983 2.24600074] 
[6.71400029 5.42300058] 
[5.55899964 6.27200016] 
[3.61599999 4.26199908] 
[4.48700417 5.08200465] 
[4.49000033 3.06399991] 
[6.98243656 6.46363142] 
[2.3494505  2.84876633] 
[3.58800032 2.83200024] 
[5.71399953 4.02699998] 
[2.59966271 3.45939539] 
[2.7329996  4.52000005] 
[6.78800023 6.84399983] 
[7.10599872 4.66199991] 
[4.77100002 3.81100004] 
[5.17700002 4.88900006] 
[4.732     4.9139997] 
[5.61500021 3.1240003 ] 
[5.07699962 5.6820001 ] 
[5.43499971 4.34499971] 
[5.76600039 3.57199988] 
[4.103  4.2685] 
[2.73601    2.71600892] 
[4.67799997 4.2790007 ] 
[4.25099809 4.93900108] 
[4.13400064 3.25499953] 
[4.85700045 3.27799991] 
[5.70299987 2.41700006] 
[5.35500009 6.16900051] 
[6.22999978 5.08200085] 
[6.08100002 5.7760013 ] 
[3.14799986 4.78200011] 
[6.07200037 4.34899988] 
[5.16200004 3.64399954] 
[3.65100064 4.98599953] 
[5.16299951 2.53699992] 
[2.91099986 3.85099975] 
[4.21800027 3.81400031] 
[7.172      6.49500018] 
[2.44899975 3.71600012] 
[2.3399999  4.88100039] 
[6.31099986 6.05800046] 
[2.34800085 4.35000005] 
[5.0519998  4.48800021] 
[4.49799976 3.35599964] 
[7.00099971 5.39599971] 
[6.10100021 2.6880003 ] 
[6.46599968 3.34300017] 
[5.92200068 4.68500004] 
[5.38599888 3.27900291] 
[5.71100002 5.67400004] 
[2.757      2.40300001] 
[3.32900043 3.68999988] 
[6.57499992 4.9959993 ] 
[3.28700012 4.17900008] 
[5.73499953 4.39199998] 
[7.14400073 5.14800017] 
[6.83000021 3.4190003 ] 
[2.9399996  4.72899992] 
[2.88199989 3.15300051] 
[5.74799977 6.71100063] 
[4.05900029 2.5340013 ] 
[5.09900064 5.05200046] 
[4.84300017 4.50099945] 
[4.83399994 4.07199941] 
[2.78899975 2.18499973] 
[5.85200017 5.95399945] 
[3.11800037 4.51199933] 
[5.17899952 3.97500045] 
[5.03600058 4.34099964] 
[5.33   4.5955] 
[5.25800002 5.91100004] 
[4.67800017 3.16300035] 
[3.95799957 4.86700019] 
[4.55300004 2.49800032] 
[4.40000004 3.97000032] 
[5.80399958 5.02699983] 
[2.35300043 2.20799988] 
[5.16299981 3.82799955] 
[3.85300001 2.28800001] 
[2.68500045 2.95599991] 
[3.55200045 3.72500034] 
[3.55500043 2.61899988] 
130 
[4.29300004 2.75200032] 
[6.08100002 5.7760013 ] 
[3.09199929 4.3319992 ] 
[5.43499971 4.34499971] 
[6.10100021 2.6880003 ] 
[3.20500032 2.51500024] 
[4.26099996 4.58400002] 
[7.34299997 3.02099979] 
[7.172      6.49500018] 
[6.82499945 4.19799982] 
[5.37899893 2.56900052] 
[5.55899964 6.27200016] 
[7.21621508 5.17420729] 
[2.68500045 2.95599991] 
[5.80400059 5.02699989] 
[4.95499968 5.19499952] 
[5.38599888 3.27900291] 
[4.83399994 4.07199941] 
[2.5189999  4.99299995] 
[6.84290291 2.16831691] 
[2.43200338 2.44800225] 
[6.83000021 3.4190003 ] 
[3.32900043 3.68999988] 
[2.34800085 4.35000005] 
[2.5956591  3.36265998] 
[4.74799949 6.63700045] 
[5.25800002 5.91100004] 
[6.30999971 4.70099971] 
[6.69999885 6.20099887] 
[4.21800027 3.81400031] 
[3.29900032 5.05599974] 
[4.67800017 3.16300035] 
[5.16300061 3.82800011] 
[6.48799949 4.22099969] 
[3.85300001 2.28800001] 
[5.70299987 2.41700006] 
[6.71400029 5.42300058] 
[3.61599999 4.26199908] 
[4.25099809 4.93900108] 
[7.10599872 4.66199991] 
[6.31099986 6.05800046] 
[6.38499997 3.70800012] 
[6.6429996  3.04199946] 
[5.0519998  4.48800021] 
[7.35400018 4.68399978] 
[3.58800032 2.83200024] 
[4.13400064 3.25499953] 
[4.68399954 2.32699996] 
[5.61399972 6.59899985] 
[4.732     4.9139997] 
[6.07200037 4.34899988] 
[2.29899984 3.95700008] 
[2.78899975 2.18499973] 
[6.80200017 5.00399945] 
[6.22999978 5.08200085] 
[5.71100002 5.67400004] 
[2.3494505  2.84876633] 
[5.17700002 4.88900006] 
[4.103  4.2685] 
[6.78800023 6.84399983] 
[5.76600039 3.57199988] 
[4.67799997 4.2790007 ] 
[2.9399996  4.72899992] 
[5.35500009 6.16900051] 
[3.61700036 3.78399981] 
[2.91099986 3.85099975] 
[3.11800037 4.51199933] 
[4.83600004 2.82000032] 
[5.71399953 4.02699998] 
[2.44900028 3.71599981] 
[5.85200017 5.95399945] 
[2.757      2.40300001] 
[5.17899952 3.97500045] 
[5.10700034 3.18799993] 
[5.45500023 4.88199983] 
[5.07699962 5.6820001 ] 
[3.65100064 4.98599953] 
[2.3399999  4.88100039] 
[3.14799986 4.78200011] 
[4.07400032 2.18499996] 
[6.51000035 6.494     ] 
[6.46599968 3.34300017] 
[4.09700045 2.73199991] 
[6.90500022 6.18100032] 
[5.16299951 2.53699992] 
[5.28499984 4.55400028] 
[3.28700012 4.17900008] 
[5.25599971 4.19299869] 
[7.01300003 6.64600003] 
[2.96299907 2.91599906] 
[6.23900026 2.92399991] 
[6.22400023 5.59299983] 
[5.02499974 3.72500032] 
[4.77100002 3.81100004] 
[3.05300031 3.59199997] 
[2.55999983 2.24600074] 
[5.73499953 4.39199998] 
[3.95799957 4.86700019] 
[4.05900029 2.5340013 ] 
[5.61000002 5.90700004] 
[5.61500021 3.1240003 ] 
[4.04799995 4.62200006] 
[2.37699978 4.11500041] 
[4.48700417 5.08200465] 
[3.12700045 2.32499991] 
[7.00699843 3.5979984 ] 
[7.00099971 5.39599971] 
[2.88199989 3.15300051] 
[4.84300017 4.50099945] 
[6.57499992 4.9959993 ] 
[3.55500043 2.61899988] 
[6.25000442 6.30100665] 
[5.64299909 2.15699993] 
[5.04099885 5.96399887] 
[5.92200068 4.68500004] 
[4.49799976 3.35599964] 
[5.74799977 6.71100063] 
[5.03600058 4.34099964] 
[4.40000004 3.97000032] 
[5.17900039 2.99899988] 
[4.55300004 2.49800032] 
[4.47300017 4.60000027] 
[2.7329996  4.52000005] 
[4.49000033 3.06399991] 
[4.40100472 3.65400409] 
[2.35300043 2.20799988] 
[4.85700045 3.27799991] 
[5.16200004 3.64400032] 
[2.73601    2.71600892] 
[6.95400162 6.42999992] 
131 
[5.35500009 6.16900051] 
[3.05300031 3.59199997] 
[6.57500032 4.99600024] 
[5.16299951 2.53699992] 
[4.16399996 4.20100002] 
[5.43499971 4.34499971] 
[6.6429996  3.04199946] 
[7.172      6.49500018] 
[2.757      2.40300001] 
[2.34800085 4.35000005] 
[6.08100002 5.7760013 ] 
[3.85300001 2.28800001] 
[3.14799986 4.78200011] 
[4.49799976 3.35599964] 
[4.95500017 5.19499945] 
[6.07200037 4.34899988] 
[7.10599872 4.66199991] 
[5.80400059 5.02699989] 
[4.83399994 4.07199941] 
[2.50099975 3.22500012] 
[6.84290291 2.16831691] 
[5.38599888 3.27900291] 
[3.61700036 3.78399981] 
[7.14400073 5.14800017] 
[4.25099809 4.93900108] 
[5.61399972 6.59899985] 
[2.3399999  4.88100039] 
[4.29300004 2.75200032] 
[5.64299909 2.15699993] 
[5.16300061 3.82800011] 
[6.71400029 5.42300058] 
[5.05200098 4.48799996] 
[4.74799949 6.63700045] 
[7.34299997 3.02099979] 
[6.51000035 6.494     ] 
[6.38499997 3.70800012] 
[2.68500045 2.95599991] 
[6.23900026 2.92399991] 
[3.58800032 2.83200024] 
[3.11800037 4.51199933] 
[4.47300017 4.60000027] 
[5.07699962 5.6820001 ] 
[2.3494505  2.84876633] 
[3.65100064 4.98599953] 
[6.82499945 4.19799982] 
[4.732     4.9139997] 
[2.44899975 3.71600012] 
[7.00699843 3.5979984 ] 
[4.68399954 2.32699996] 
[2.91099986 3.85099975] 
[5.45500023 4.88199983] 
[3.20499723 2.51499614] 
[6.22999978 5.08200085] 
[2.9399996  4.72899992] 
[5.61000002 5.90700004] 
[6.90500022 6.18100032] 
[4.40000004 3.97000032] 
[3.61599999 4.26199908] 
[4.05900029 2.5340013 ] 
[4.13400064 3.25499953] 
[6.78800023 6.84399983] 
[2.35300047 2.20800024] 
[5.17900039 2.99899988] 
[2.43200338 2.44800225] 
[4.85700045 3.27799991] 
[5.92200068 4.68500004] 
[2.3769993  4.11500045] 
[5.16200004 3.64399954] 
[5.70299987 2.41700006] 
[6.25000442 6.30100665] 
[5.25599971 4.19299869] 
[5.76600039 3.57199988] 
[5.73499953 4.39199998] 
[4.04799995 4.62200006] 
[5.33   4.5955] 
[5.71399953 4.02699998] 
[6.46599968 3.34300017] 
[5.17700001 4.88900015] 
[4.07400032 2.18499996] 
[5.49500027 2.72500031] 
[4.83600004 2.82000032] 
[2.59966271 3.45939539] 
[2.96299907 2.91599906] 
[3.09199929 4.3319992 ] 
[6.10100021 2.6880003 ] 
[2.5189999  4.99299995] 
[4.40100472 3.65400409] 
[6.48799949 4.22099969] 
[4.67799997 4.2790007 ] 
[4.48700417 5.08200465] 
[5.61500021 3.1240003 ] 
[2.7329996  4.52000005] 
[5.31600005 2.52600006] 
[5.25800002 5.91100004] 
[3.29900032 5.05599974] 
[3.32900043 3.68999988] 
[7.00099971 5.39599971] 
[7.35400018 4.68399978] 
[6.22400023 5.59299983] 
[6.83000021 3.4190003 ] 
[5.03600058 4.34099964] 
[4.49000033 3.06399991] 
[5.71100002 5.67400004] 
[3.95799957 4.86700019] 
[2.73601    2.71600892] 
[4.77100002 3.81100004] 
[3.28700012 4.17900008] 
[4.84300017 4.50099945] 
[5.74799977 6.71100063] 
[2.78899975 2.18499973] 
[7.01300003 6.64600003] 
[5.55899964 6.27200016] 
[4.67800017 3.16300035] 
[5.10700034 3.18799993] 
[5.85200017 5.95399945] 
[6.31099986 6.05800046] 
[6.80200017 5.00399945] 
[6.30999971 4.70099971] 
[4.21800027 3.81400031] 
[2.88199989 3.15300051] 
[4.09700045 2.73199991] 
[3.55500043 2.61899988] 
[7.30000035 5.324     ] 
[4.55300004 2.49800032] 
[4.04199996 4.33600002] 
[5.04099885 5.96399887] 
[6.69999885 6.20099887] 
[4.26099996 4.58400002] 
[6.53499953 4.79799998] 
[6.95400162 6.42999992] 
[5.17899952 3.97500045] 
132 
[7.01300003 6.64600003] 
[4.47300017 4.60000027] 
[4.09700084 2.73200031] 
[6.38499997 3.70800012] 
[2.91099986 3.85099975] 
[5.07699962 5.6820001 ] 
[6.71400029 5.42300058] 
[2.55999983 2.24600074] 
[5.07700064 4.77799953] 
[5.64299909 2.15699993] 
[5.16200004 3.64399954] 
[5.92200068 4.68500004] 
[5.35500009 6.16900051] 
[7.34299997 3.02099979] 
[6.82500035 4.198     ] 
[2.50099975 3.22500012] 
[3.14799986 4.78200011] 
[3.61700036 3.78399981] 
[4.85700045 3.27799991] 
[6.84290291 2.16831691] 
[6.08100002 5.7760013 ] 
[2.34800085 4.35000005] 
[4.74799949 6.63700045] 
[5.03600058 4.34099964] 
[6.6429996  3.04199946] 
[7.21621508 5.17420729] 
[5.61500021 3.1240003 ] 
[2.3399999  4.88100039] 
[4.40100472 3.65400409] 
[4.25099809 4.93900108] 
[3.20500032 2.51500024] 
[5.49499988 2.72499924] 
[4.07400032 2.18499996] 
[6.83000021 3.4190003 ] 
[5.74799977 6.71100063] 
[5.43499971 4.34499971] 
[4.16399996 4.20100002] 
[7.10599872 4.66199991] 
[6.90500022 6.18100032] 
[5.87400028 4.8560003 ] 
[6.57500032 4.99600024] 
[4.68399954 2.32699996] 
[6.10100021 2.6880003 ] 
[2.73601    2.71600892] 
[2.44900028 3.71599981] 
[4.732     4.9139997] 
[6.48799949 4.22099969] 
[3.09199929 4.3319992 ] 
[5.10700034 3.18799993] 
[6.25000442 6.30100665] 
[3.61599999 4.26199908] 
[5.18382997 2.54273886] 
[5.61000002 5.90700004] 
[3.58800032 2.83200024] 
[2.28999975 3.02499973] 
[5.25599971 4.19299869] 
[4.67799997 4.2790007 ] 
[4.49000033 3.06399991] 
[5.38599888 3.27900291] 
[5.71399953 4.02699998] 
[5.45500023 4.88199983] 
[4.13400064 3.25499953] 
[3.65100064 4.98599953] 
[3.32900043 3.68999988] 
[2.5189999  4.99299995] 
[6.22999978 5.08200085] 
[7.13625856 6.46829266] 
[4.83600004 2.82000032] 
[5.70299987 2.41700006] 
[2.3769993  4.11500045] 
[2.88199989 3.15300051] 
[4.95500017 5.19499945] 
[4.04799995 4.62200006] 
[5.16300061 3.82800011] 
[4.84300017 4.50099945] 
[6.07200037 4.34899988] 
[2.60300028 3.37600047] 
[6.22400023 5.59299983] 
[4.49799976 3.35599964] 
[5.04099885 5.96399887] 
[2.9399996  4.72899992] 
[2.78899975 2.18499973] 
[2.33400003 2.82400007] 
[5.33   4.5955] 
[4.05900029 2.5340013 ] 
[5.76600039 3.57199988] 
[6.31099986 6.05800046] 
[6.78800023 6.84399983] 
[6.23900026 2.92399991] 
[4.21800035 3.81399984] 
[2.43200338 2.44800225] 
[6.51000035 6.494     ] 
[7.35400018 4.68399978] 
[3.29900032 5.05599974] 
[2.68500045 2.95599991] 
[6.46599968 3.34300017] 
[4.83399994 4.07199941] 
[5.55899964 6.27200016] 
[7.00099971 5.39599971] 
[4.77100002 3.81100004] 
[4.55300004 2.49800032] 
[5.71100002 5.67400004] 
[2.757      2.40300001] 
[5.73499953 4.39199998] 
[3.11800037 4.51199933] 
[4.48700417 5.08200465] 
[2.7329996  4.52000005] 
[3.05300031 3.59199997] 
[3.85300001 2.28800001] 
[6.30999971 4.70099971] 
[3.55500043 2.61899988] 
[7.00699843 3.5979984 ] 
[3.95799957 4.86700019] 
[5.25800002 5.91100004] 
[6.53499953 4.79799998] 
[5.85200017 5.95399945] 
[5.05200098 4.48799996] 
[3.12700045 2.32499991] 
[3.28700012 4.17900008] 
[4.04199996 4.33600002] 
[2.96299907 2.91599906] 
[6.80200017 5.00399945] 
[2.35300043 2.20799988] 
[4.26099996 4.58400002] 
[5.80399958 5.02699983] 
[5.17899952 3.97500045] 
[5.17699969 4.8890006 ] 
[5.61399972 6.59899985] 
[5.17900039 2.99899988] 
[6.69999885 6.20099887] 
[6.69999971 4.25099971] 
[4.67800017 3.16300035] 
133 
[6.08100002 5.7760013 ] 
[3.32900043 3.68999988] 
[5.17567154 3.85740863] 
[6.6429996  3.04199946] 
[4.29300004 2.75200032] 
[2.55999983 2.24600074] 
[5.80400059 5.02699989] 
[4.83600442 4.99600665] 
[7.14400073 5.14800017] 
[3.29900032 5.05599974] 
[2.34800085 4.35000005] 
[6.87264267 6.19986627] 
[5.61399972 6.59899985] 
[5.37899893 2.56900052] 
[4.103  4.2685] 
[2.5956591  3.36265998] 
[6.07200037 4.34899988] 
[2.9399996  4.72899992] 
[6.84290291 2.16831691] 
[5.10700034 3.18799993] 
[4.10502912 2.56880438] 
[5.37499982 4.63700008] 
[5.07699962 5.6820001 ] 
[7.00699843 3.5979984 ] 
[7.23961881 4.68872672] 
[4.25099809 4.93900108] 
[4.74799949 6.63700045] 
[2.33400003 2.82400007] 
[7.34299997 3.02099979] 
[3.61599999 4.26199908] 
[2.757      2.40300001] 
[4.26100059 4.58400015] 
[6.27800472 3.54800409] 
[5.35500009 6.16900051] 
[3.55500043 2.61899988] 
[4.40100472 3.65400409] 
[6.82499945 4.19799982] 
[2.3399999  4.88100039] 
[5.03600067 4.34100028] 
[6.30999971 4.70099971] 
[6.75400442 5.58600665] 
[7.01300003 6.64600003] 
[5.71399953 4.02699998] 
[5.64299909 2.15699993] 
[3.20500032 2.51500024] 
[2.73601    2.71600892] 
[3.28700012 4.17900008] 
[2.91099986 3.85099975] 
[5.71100002 5.67400004] 
[4.68399954 2.32699996] 
[2.44900028 3.71599981] 
[4.49000033 3.06399991] 
[3.09199929 4.3319992 ] 
[6.25000442 6.30100665] 
[4.77100002 3.81100004] 
[5.73499953 4.39199998] 
[6.23900026 2.92399991] 
[5.38599888 3.27900291] 
[4.07400032 2.18499996] 
[6.80200017 5.00399945] 
[5.76600039 3.57199988] 
[5.17700002 4.88900006] 
[4.83399994 4.07199941] 
[2.96299907 2.91599906] 
[4.04799995 4.62200006] 
[4.13400064 3.25499953] 
[5.92200068 4.68500004] 
[3.72100007 3.84200011] 
[5.25599971 4.19299869] 
[2.7329996  4.52000005] 
[7.172      6.49500018] 
[5.43499971 4.34499971] 
[2.3769993  4.11500045] 
[3.65100064 4.98599953] 
[2.5189999  4.99299995] 
[6.22999978 5.08200085] 
[5.04099885 5.96399887] 
[4.83600004 2.82000032] 
[4.48700417 5.08200465] 
[6.22400023 5.59299983] 
[4.21800027 3.81400031] 
[3.85300001 2.28800001] 
[6.78800023 6.84399983] 
[6.31099986 6.05800046] 
[6.95399999 4.64700019] 
[4.67799997 4.2790007 ] 
[5.55899964 6.27200016] 
[5.70299987 2.41700006] 
[4.49799976 3.35599964] 
[4.85700045 3.27799991] 
[2.43200338 2.44800225] 
[5.85200017 5.95399945] 
[3.55200045 3.72500034] 
[5.45500023 4.88199983] 
[5.61500021 3.1240003 ] 
[6.48799949 4.22099969] 
[5.09900064 5.05200046] 
[6.46599968 3.34300017] 
[6.51000035 6.494     ] 
[5.74799977 6.71100063] 
[7.00099971 5.39599971] 
[5.16299951 2.53699992] 
[6.10100021 2.6880003 ] 
[5.61000002 5.90700004] 
[6.53499953 4.79799998] 
[4.84300017 4.50099945] 
[3.11800037 4.51199933] 
[7.30000035 5.324     ] 
[4.7320002  4.91400017] 
[4.55300004 2.49800032] 
[6.83000021 3.4190003 ] 
[2.88199989 3.15300051] 
[2.68500045 2.95599991] 
[4.40000004 3.97000032] 
[3.95799957 4.86700019] 
[5.25800002 5.91100004] 
[3.58800032 2.83200024] 
[3.05300031 3.59199997] 
[4.95500017 5.19499945] 
[4.67800017 3.16300035] 
[6.57500032 4.99600024] 
[2.35300043 2.20799988] 
[5.16200004 3.64399954] 
[2.28999975 3.02499973] 
[5.28499953 4.55399972] 
[6.95400162 6.42999992] 
[2.78899975 2.18499973] 
[5.33599968 3.70800017] 
[3.14799986 4.78200011] 
[5.17900039 2.99899988] 
[6.38500021 3.7080003 ] 
[6.71399932 5.42300001] 
[3.12700045 2.32499991] 
134 
[2.91099986 3.85099975] 
[6.31099986 6.05800046] 
[5.16200004 3.64400032] 
[7.00699843 3.5979984 ] 
[2.73601    2.71600892] 
[4.95500017 5.19499945] 
[5.64299909 2.15699993] 
[4.29300004 2.75200032] 
[5.92200068 4.68500004] 
[6.84290291 2.16831691] 
[4.26099996 4.58400002] 
[7.10599872 4.66199991] 
[2.9399996  4.72899992] 
[5.35500009 6.16900051] 
[7.13625856 6.46829266] 
[7.00099971 5.39599971] 
[5.33   4.5955] 
[6.6429996  3.04199946] 
[5.10700034 3.18799993] 
[2.28999975 3.02499973] 
[5.25599971 4.19299869] 
[2.3769993  4.11500045] 
[3.72100007 3.84200011] 
[2.59966271 3.45939539] 
[5.74799977 6.71100063] 
[3.55500043 2.61899988] 
[5.16299951 2.53699992] 
[6.48799949 4.22099969] 
[2.78899975 2.18499973] 
[6.22999978 5.08200085] 
[4.07400032 2.18499996] 
[7.34299997 3.02099979] 
[4.40000004 3.97000032] 
[4.74799949 6.63700045] 
[4.25099809 4.93900108] 
[4.49000041 3.06400001] 
[6.38499997 3.70800012] 
[5.61000002 5.90700004] 
[5.07699962 5.6820001 ] 
[4.732     4.9139997] 
[5.05200098 4.48799996] 
[6.57500032 4.99600024] 
[2.3399999  4.88100039] 
[3.61599999 4.26199908] 
[3.11800037 4.51199933] 
[3.29900032 5.05599974] 
[4.83399994 4.07199941] 
[5.38599888 3.27900291] 
[6.82499945 4.19799982] 
[3.32900043 3.68999988] 
[6.23900026 2.92399991] 
[4.68399954 2.32699996] 
[2.88199989 3.15300051] 
[2.35300047 2.20800024] 
[5.80399958 5.02699983] 
[7.14400073 5.14800017] 
[6.08100002 5.7760013 ] 
[3.20499723 2.51499614] 
[5.71399953 4.02699998] 
[4.84300017 4.50099945] 
[4.83600004 2.82000032] 
[6.69999885 6.20099887] 
[4.103  4.2685] 
[6.51000035 6.494     ] 
[5.25800002 5.91100004] 
[2.43200338 2.44800225] 
[6.71400029 5.42300058] 
[4.67799997 4.2790007 ] 
[5.76600039 3.57199988] 
[6.07200037 4.34899988] 
[6.78800023 6.84399983] 
[6.46599968 3.34300017] 
[3.65100064 4.98599953] 
[3.28700012 4.17900008] 
[4.05900029 2.5340013 ] 
[5.49500027 2.72500031] 
[5.55899964 6.27200016] 
[4.13400064 3.25499953] 
[5.17700002 4.88900006] 
[3.05300031 3.59199997] 
[5.43499971 4.34499971] 
[4.21800027 3.81400031] 
[3.14799986 4.78200011] 
[3.09199929 4.3319992 ] 
[5.16300061 3.82800011] 
[7.35400018 4.68399978] 
[2.33400003 2.82400007] 
[2.44899975 3.71600012] 
[5.85200017 5.95399945] 
[4.77100002 3.81100004] 
[2.5189999  4.99299995] 
[2.50099975 3.22500012] 
[6.10100021 2.6880003 ] 
[4.49799976 3.35599964] 
[5.61500021 3.1240003 ] 
[4.85700045 3.27799991] 
[2.34800085 4.35000005] 
[5.73499953 4.39199998] 
[6.83000021 3.4190003 ] 
[5.70299987 2.41700006] 
[5.45500023 4.88199983] 
[4.48700417 5.08200465] 
[5.03600058 4.34099964] 
[5.87400028 4.8560003 ] 
[2.757      2.40300001] 
[2.96299907 2.91599906] 
[5.31600005 2.52600006] 
[3.85300001 2.28800001] 
[6.80200017 5.00399945] 
[6.90500022 6.18100032] 
[6.22400023 5.59299983] 
[3.95799957 4.86700019] 
[4.55300004 2.49800032] 
[2.68500045 2.95599991] 
[6.30999971 4.70099971] 
[5.09900064 5.05200046] 
[4.40100472 3.65400409] 
[5.71100002 5.67400004] 
[2.7329996  4.52000005] 
[5.17899952 3.97500045] 
[4.47300017 4.60000027] 
[7.01300003 6.64600003] 
[5.04099885 5.96399887] 
[3.55200045 3.72500034] 
[4.04799995 4.62200006] 
[6.25000442 6.30100665] 
[5.17900039 2.99899988] 
[6.53499953 4.79799998] 
[4.41800472 2.91400409] 
[5.61399972 6.59899985] 
[4.09700045 2.73199991] 
[5.02499974 3.72500032] 
[3.58800032 2.83200024] 
[7.30000035 5.324     ] 
135 
[6.84290291 2.16831691] 
[4.10502912 2.56880438] 
[5.04099885 5.96399887] 
[5.92200068 4.68500004] 
[3.09199929 4.3319992 ] 
[6.95400162 6.42999992] 
[5.33599968 3.70800017] 
[2.757      2.40300001] 
[4.26099996 4.58400002] 
[7.10599872 4.66199991] 
[5.16299951 2.53699992] 
[5.85200017 5.95399945] 
[6.23900026 2.92399991] 
[2.37699978 4.11500041] 
[5.17700002 4.88900006] 
[4.77100002 3.81100004] 
[2.60300028 3.37600047] 
[7.00699843 3.5979984 ] 
[3.61700036 3.78399981] 
[2.5189999  4.99299995] 
[7.00099971 5.39599971] 
[4.74799949 6.63700045] 
[4.49799976 3.35599964] 
[2.3494505  2.84876633] 
[5.55899964 6.27200016] 
[5.25599971 4.19299869] 
[3.29900032 5.05599974] 
[6.31099986 6.05800046] 
[5.38599888 3.27900291] 
[6.38499997 3.70800012] 
[6.22999978 5.08200085] 
[5.64299909 2.15699993] 
[3.58800032 2.83200024] 
[4.48700417 5.08200465] 
[4.40000004 3.97000032] 
[6.48799949 4.22099969] 
[7.34299997 3.02099979] 
[5.74799977 6.71100063] 
[5.33   4.5955] 
[4.68399954 2.32699996] 
[3.61599999 4.26199908] 
[3.05300031 3.59199997] 
[3.12700045 2.32499991] 
[7.14400023 5.14799983] 
[2.96299907 2.91599906] 
[2.43200338 2.44800225] 
[4.83600004 2.82000032] 
[4.07400032 2.18499996] 
[4.49000033 3.06399991] 
[6.57500032 4.99600024] 
[4.25099809 4.93900108] 
[2.9399996  4.72899992] 
[6.07200037 4.34899988] 
[4.67799997 4.2790007 ] 
[5.80399958 5.02699983] 
[4.83600442 4.99600665] 
[6.82499945 4.19799982] 
[5.73499953 4.39199998] 
[6.08100002 5.7760013 ] 
[6.78800023 6.84399983] 
[6.71400029 5.42300058] 
[5.10700034 3.18799993] 
[5.76600039 3.57199988] 
[5.07699962 5.6820001 ] 
[6.90500022 6.18100032] 
[6.51000035 6.494     ] 
[2.73601    2.71600892] 
[6.6429996  3.04199946] 
[5.03600058 4.34099964] 
[2.91099986 3.85099975] 
[4.103  4.2685] 
[2.44900028 3.71599981] 
[5.49500027 2.72500031] 
[3.65100064 4.98599953] 
[5.35500009 6.16900051] 
[4.21800027 3.81400031] 
[3.32900043 3.68999988] 
[6.46599968 3.34300017] 
[6.10100021 2.6880003 ] 
[2.3399999  4.88100039] 
[5.61500021 3.1240003 ] 
[5.71100002 5.67400004] 
[2.88199989 3.15300051] 
[2.34800085 4.35000005] 
[2.35300047 2.20800024] 
[7.172      6.49500018] 
[4.13400064 3.25499953] 
[5.70299987 2.41700006] 
[5.71399953 4.02699998] 
[4.95499968 5.19499952] 
[5.61000002 5.90700004] 
[4.67800017 3.16300035] 
[4.04799995 4.62200006] 
[5.43499971 4.34499971] 
[6.25000442 6.30100665] 
[3.95799957 4.86700019] 
[5.16299981 3.82799955] 
[4.83399994 4.07199941] 
[5.05200098 4.48799996] 
[6.83000021 3.4190003 ] 
[6.30999971 4.70099971] 
[5.87400028 4.8560003 ] 
[5.45500023 4.88199983] 
[3.28700012 4.17900008] 
[4.7320002  4.91400017] 
[3.85300001 2.28800001] 
[4.40100472 3.65400409] 
[5.25800002 5.91100004] 
[6.69999885 6.20099887] 
[7.35400018 4.68399978] 
[2.68500045 2.95599991] 
[6.80200017 5.00399945] 
[4.85700045 3.27799991] 
[6.22400023 5.59299983] 
[4.55300004 2.49800032] 
[7.30000035 5.324     ] 
[3.55500043 2.61899988] 
[5.16200004 3.64399954] 
[2.7329996  4.52000005] 
[5.31600005 2.52600006] 
[2.78899975 2.18499973] 
[5.17900039 2.99899988] 
[3.11800037 4.51199933] 
[7.01300003 6.64600003] 
[4.84300017 4.50099945] 
[4.29300004 2.75200032] 
[2.50099975 3.22500012] 
[3.14799986 4.78200011] 
[4.47300017 4.60000027] 
[3.20500032 2.51500024] 
[5.17899952 3.97500045] 
[6.53499953 4.79799998] 
[2.29899984 3.95700008] 
[5.61399972 6.59899985] 
[7.30199932 5.12400001] 
136 
[3.65100064 4.98599953] 
[6.82499945 4.19799982] 
[3.05300031 3.59199997] 
[5.71100002 5.67400004] 
[4.55300004 2.49800032] 
[5.45500023 4.88199983] 
[6.23900026 2.92399991] 
[6.90500022 6.18100032] 
[5.16299981 3.82799955] 
[2.73601    2.71600892] 
[2.7329996  4.52000005] 
[4.47300017 4.60000027] 
[7.00099971 5.39599971] 
[5.16299951 2.53699992] 
[6.83000021 3.4190003 ] 
[5.74410536 6.70902969] 
[4.40100472 3.65400409] 
[5.35500009 6.16900051] 
[4.07400032 2.18499996] 
[6.84290291 2.16831691] 
[5.92200068 4.68500004] 
[3.72100007 3.84200011] 
[5.17700002 4.88900006] 
[2.757      2.40300001] 
[2.3769993  4.11500045] 
[7.35400018 4.68399978] 
[5.61500021 3.1240003 ] 
[2.59966271 3.45939539] 
[4.74799949 6.63700045] 
[5.70299987 2.41700006] 
[6.22999978 5.08200085] 
[4.49000033 3.06399991] 
[7.34299997 3.02099979] 
[5.0519998  4.48800021] 
[6.31099986 6.05800046] 
[3.61599999 4.26199908] 
[3.85300001 2.28800001] 
[5.07699962 5.6820001 ] 
[3.11800037 4.51199933] 
[6.38499997 3.70800012] 
[5.17900039 2.99899988] 
[2.5189999  4.99299995] 
[4.04799995 4.62200006] 
[4.48700417 5.08200465] 
[3.55500043 2.61899988] 
[2.28999975 3.02499973] 
[5.71399953 4.02699998] 
[6.53499953 4.79799998] 
[4.83399994 4.07199941] 
[2.91099986 3.85099975] 
[6.07200037 4.34899988] 
[4.09700045 2.73199991] 
[2.35300043 2.20799988] 
[6.78800023 6.84399983] 
[5.25599971 4.19299869] 
[4.95500017 5.19499945] 
[6.6429996  3.04199946] 
[6.95400162 6.42999992] 
[4.732     4.9139997] 
[4.85700045 3.27799991] 
[6.08100002 5.7760013 ] 
[7.14400073 5.14800017] 
[3.29900032 5.05599974] 
[4.16399996 4.20100002] 
[3.12700045 2.32499991] 
[7.10599872 4.66199991] 
[2.88199989 3.15300051] 
[4.83600004 2.82000032] 
[5.38599888 3.27900291] 
[3.14799986 4.78200011] 
[4.25099809 4.93900108] 
[5.76600039 3.57199988] 
[5.04099885 5.96399887] 
[4.13400064 3.25499953] 
[6.51000035 6.494     ] 
[6.46599968 3.34300017] 
[5.80399958 5.02699983] 
[2.34800085 4.35000005] 
[6.71400029 5.42300058] 
[6.80200017 5.00399945] 
[5.73499953 4.39199998] 
[4.67799997 4.2790007 ] 
[2.43200338 2.44800225] 
[5.85200017 5.95399945] 
[5.37899893 2.56900052] 
[2.44899975 3.71600012] 
[3.95799957 4.86700019] 
[5.55899964 6.27200016] 
[5.64299909 2.15699993] 
[3.09199929 4.3319992 ] 
[2.9399996  4.72899992] 
[4.49799976 3.35599964] 
[7.172      6.49500018] 
[2.33400003 2.82400007] 
[5.28499984 4.55400028] 
[3.28700012 4.17900008] 
[2.50099975 3.22500012] 
[3.32900043 3.68999988] 
[7.00699843 3.5979984 ] 
[4.77100002 3.81100004] 
[6.10100021 2.6880003 ] 
[5.33599968 3.70800017] 
[6.48799949 4.22099969] 
[6.25000442 6.30100665] 
[4.21800027 3.81400031] 
[5.61000002 5.90700004] 
[5.87400028 4.8560003 ] 
[4.05900029 2.5340013 ] 
[5.43499971 4.34499971] 
[2.96299907 2.91599906] 
[2.68500045 2.95599991] 
[4.68399954 2.32699996] 
[7.30000035 5.324     ] 
[3.55200045 3.72500034] 
[6.22400023 5.59299983] 
[3.58800032 2.83200024] 
[5.09900064 5.05200046] 
[2.78899975 2.18499973] 
[6.30999971 4.70099971] 
[4.40000004 3.97000032] 
[5.10700034 3.18799993] 
[2.3399999  4.88100039] 
[5.25800002 5.91100004] 
[4.26099996 4.58400002] 
[2.55999983 2.24600074] 
[5.03600058 4.34099964] 
[3.20500032 2.51500024] 
[4.84300017 4.50099945] 
[7.01300003 6.64600003] 
[6.69999885 6.20099887] 
[4.29300004 2.75200032] 
[4.67800017 3.16300035] 
[5.17899952 3.97500045] 
[4.04199996 4.33600002] 
[6.57500032 4.99600024] 
[5.16200004 3.64399954] 
137 
[7.14400073 5.14800017] 
[3.32900043 3.68999988] 
[4.68399954 2.32699996] 
[6.25000442 6.30100665] 
[5.16200004 3.64399954] 
[6.83000021 3.4190003 ] 
[2.75699999 2.40300049] 
[4.25099809 4.93900108] 
[5.92200068 4.68500004] 
[2.9399996  4.72899992] 
[5.49500027 2.72500031] 
[5.71100002 5.67400004] 
[4.74799949 6.63700045] 
[5.20700013 4.45800019] 
[6.84290291 2.16831691] 
[4.40100472 3.65400409] 
[2.5956591  3.36265998] 
[6.90500022 6.18100032] 
[5.35500009 6.16900051] 
[6.95399999 4.64700019] 
[4.09700045 2.73199991] 
[4.26099934 4.58399992] 
[5.74799977 6.71100063] 
[6.10100021 2.6880003 ] 
[3.09199929 4.3319992 ] 
[2.91099986 3.85099975] 
[2.37699978 4.11500041] 
[5.25599971 4.19299869] 
[7.34299997 3.02099979] 
[4.95500017 5.19499945] 
[6.48799949 4.22099969] 
[4.67800017 3.16300035] 
[7.01300003 6.64600003] 
[5.10700034 3.18799993] 
[2.33400003 2.82400007] 
[2.35300043 2.20799988] 
[5.64299909 2.15699993] 
[4.07400032 2.18499996] 
[6.71400029 5.42300058] 
[5.07699962 5.6820001 ] 
[6.00400064 4.94199953] 
[4.67799997 4.2790007 ] 
[3.61599999 4.26199908] 
[5.76600039 3.57199988] 
[5.85200017 5.95399945] 
[6.22400023 5.59299983] 
[6.27800472 3.54800409] 
[6.6429996  3.04199946] 
[3.55500043 2.61899988] 
[2.3399999  4.88100039] 
[6.57500032 4.99600024] 
[3.29900032 5.05599974] 
[4.732     4.9139997] 
[2.88199989 3.15300051] 
[7.23961881 4.68872672] 
[5.17700002 4.88900006] 
[5.31600005 2.52600006] 
[6.82499945 4.19799982] 
[3.12700045 2.32499991] 
[5.61500021 3.1240003 ] 
[5.71399953 4.02699998] 
[4.77100002 3.81100004] 
[2.43200338 2.44800225] 
[4.13400064 3.25499953] 
[4.04199996 4.33600002] 
[2.44900028 3.71599981] 
[3.72100007 3.84200011] 
[4.49000033 3.06399991] 
[6.95400162 6.42999992] 
[6.07200037 4.34899988] 
[2.55999983 2.24600074] 
[6.22999978 5.08200085] 
[5.70299987 2.41700006] 
[5.45500023 4.88199983] 
[6.51000035 6.494     ] 
[4.40000004 3.97000032] 
[3.05300031 3.59199997] 
[5.55899964 6.27200016] 
[3.65100064 4.98599953] 
[6.08100002 5.7760013 ] 
[5.73499953 4.39199998] 
[5.25800002 5.91100004] 
[3.11800037 4.51199933] 
[5.17899952 3.97500045] 
[2.34800085 4.35000005] 
[4.48700417 5.08200465] 
[4.83600004 2.82000032] 
[6.78800023 6.84399983] 
[2.68500045 2.95599991] 
[5.03600067 4.34100028] 
[6.80200017 5.00399945] 
[6.31099986 6.05800046] 
[6.23900026 2.92399991] 
[6.53499953 4.79799998] 
[5.38599888 3.27900291] 
[6.46599968 3.34300017] 
[5.43499971 4.34499971] 
[7.00099971 5.39599971] 
[2.5189999  4.99299995] 
[4.83399994 4.07199941] 
[3.95799957 4.86700019] 
[5.80399958 5.02699983] 
[7.00699843 3.5979984 ] 
[3.14799986 4.78200011] 
[2.96299907 2.91599906] 
[6.30999971 4.70099971] 
[4.05900029 2.5340013 ] 
[4.84300017 4.50099945] 
[3.28700012 4.17900008] 
[4.47300017 4.60000027] 
[5.61000002 5.90700004] 
[4.21800027 3.81400031] 
[4.49799976 3.35599964] 
[3.55200045 3.72500034] 
[2.7329996  4.52000005] 
[3.58800032 2.83200024] 
[4.55300004 2.49800032] 
[2.78899975 2.18499973] 
[5.04099885 5.96399887] 
[5.16300061 3.82800011] 
[7.30000035 5.324     ] 
[3.85300001 2.28800001] 
[5.09900064 5.05200046] 
[5.33   4.5955] 
[5.87399995 4.85600006] 
[5.61399972 6.59899985] 
[4.16399996 4.20100002] 
[6.69999885 6.20099887] 
[3.20500032 2.51500024] 
[5.16299951 2.53699992] 
[4.29300004 2.75200032] 
[2.28999975 3.02499973] 
[7.172      6.49500018] 
[4.85700045 3.27799991] 
[2.29899984 3.95700008] 
[5.17900039 2.99899988] 
[6.38500021 3.7080003 ] 
138 
[7.00699843 3.5979984 ] 
[3.28700012 4.17900008] 
[6.71400029 5.42300058] 
[4.85700045 3.27799991] 
[5.17700001 4.88900015] 
[2.33400003 2.82400007] 
[5.55899964 6.27200016] 
[4.07400032 2.18499996] 
[5.49500027 2.72500031] 
[4.04799995 4.62200006] 
[2.34800085 4.35000005] 
[6.95400162 6.42999992] 
[5.92200068 4.68500004] 
[2.757      2.40300001] 
[7.23961881 4.68872672] 
[6.84290291 2.16831691] 
[4.77100002 3.81100004] 
[2.88199989 3.15300051] 
[6.31099986 6.05800046] 
[5.07699962 5.6820001 ] 
[4.74799949 6.63700045] 
[6.38500021 3.7080003 ] 
[4.05900029 2.5340013 ] 
[5.25599971 4.19299869] 
[2.9399996  4.72899992] 
[6.6429996  3.04199946] 
[6.48799949 4.22099969] 
[3.61700036 3.78399981] 
[6.57500032 4.99600024] 
[4.48700417 5.08200465] 
[7.34299997 3.02099979] 
[4.49000033 3.06399991] 
[2.44899975 3.71600012] 
[5.38599888 3.27900291] 
[4.16399996 4.20100002] 
[5.70299987 2.41700006] 
[5.61000002 5.90700004] 
[4.67799997 4.2790007 ] 
[4.55300004 2.49800032] 
[5.16299951 2.53699992] 
[3.55500043 2.61899988] 
[2.3399999  4.88100039] 
[7.30199932 5.12400001] 
[5.28499984 4.55400028] 
[5.33599968 3.70800017] 
[6.23900026 2.92399991] 
[2.59966271 3.45939539] 
[4.732     4.9139997] 
[6.22400023 5.59299983] 
[2.91099986 3.85099975] 
[3.65100064 4.98599953] 
[2.43200338 2.44800225] 
[4.40100472 3.65400409] 
[5.76600039 3.57199988] 
[3.61599999 4.26199908] 
[5.71399953 4.02699998] 
[4.25099809 4.93900108] 
[6.07200037 4.34899988] 
[6.78800023 6.84399983] 
[5.74799977 6.71100063] 
[6.69999885 6.20099887] 
[5.10700034 3.18799993] 
[6.22999978 5.08200085] 
[6.51000035 6.494     ] 
[3.12700045 2.32499991] 
[5.03600067 4.34100028] 
[2.3769993  4.11500045] 
[4.83600004 2.82000032] 
[4.13400064 3.25499953] 
[3.11800037 4.51199933] 
[4.21800027 3.81400031] 
[6.30999971 4.70099971] 
[3.09199929 4.3319992 ] 
[5.17899952 3.97500045] 
[4.95500017 5.19499945] 
[3.29900032 5.05599974] 
[6.82499945 4.19799982] 
[6.08100002 5.7760013 ] 
[5.80399958 5.02699983] 
[4.26099996 4.58400002] 
[2.73601    2.71600892] 
[2.5189999  4.99299995] 
[6.46599968 3.34300017] 
[6.95399999 4.64700019] 
[5.61500021 3.1240003 ] 
[5.73499953 4.39199998] 
[6.90500022 6.18100032] 
[5.04099885 5.96399887] 
[2.55999983 2.24600074] 
[4.83399994 4.07199941] 
[5.35500009 6.16900051] 
[5.71100002 5.67400004] 
[7.00099971 5.39599971] 
[4.49799976 3.35599964] 
[4.84300017 4.50099945] 
[2.50099975 3.22500012] 
[3.32900043 3.68999988] 
[6.10100021 2.6880003 ] 
[5.45500023 4.88199983] 
[3.05300031 3.59199997] 
[6.83000021 3.4190003 ] 
[3.85300001 2.28800001] 
[6.25000442 6.30100665] 
[2.7329996  4.52000005] 
[7.172      6.49500018] 
[4.40000004 3.97000032] 
[4.67800017 3.16300035] 
[5.16299981 3.82799955] 
[3.95799957 4.86700019] 
[5.64300026 2.15699991] 
[5.85200017 5.95399945] 
[2.96299907 2.91599906] 
[7.01300003 6.64600003] 
[5.25800002 5.91100004] 
[3.58800032 2.83200024] 
[2.68500045 2.95599991] 
[3.20500032 2.51500024] 
[5.31600005 2.52600006] 
[4.09700045 2.73199991] 
[4.47300017 4.60000027] 
[2.35300043 2.20799988] 
[4.68399954 2.32699996] 
[2.78899975 2.18499973] 
[5.43499971 4.34499971] 
[6.80200017 5.00399945] 
[2.28999975 3.02499973] 
[5.48700011 2.16399986] 
[4.29300004 2.75200032] 
[5.61399972 6.59899985] 
[5.87400028 4.8560003 ] 
[5.16200004 3.64399954] 
[4.04199996 4.33600002] 
[3.14799986 4.78200011] 
[6.53499953 4.79799998] 
[7.30000035 5.324     ] 
[6.27800472 3.54800409] 
[5.17900039 2.99899988] 
[7.14400023 5.14799983] 
139 
[2.33400003 2.82400007] 
[5.16200004 3.64399954] 
[6.08100002 5.7760013 ] 
[2.9399996  4.72899992] 
[7.34299997 3.02099979] 
[4.47300017 4.60000027] 
[4.55300004 2.49800032] 
[6.53499953 4.79799998] 
[2.91100032 3.85100024] 
[6.46599968 3.34300017] 
[5.07699962 5.6820001 ] 
[5.31600005 2.52600006] 
[6.87264267 6.19986627] 
[5.20700013 4.45800019] 
[2.757      2.40300001] 
[5.55899964 6.27200016] 
[6.84290291 2.16831691] 
[7.14400073 5.14800017] 
[6.07199996 4.34900002] 
[5.38599888 3.27900291] 
[3.61599999 4.26199908] 
[4.74799949 6.63700045] 
[4.21800027 3.81400031] 
[3.85300001 2.28800001] 
[6.10100021 2.6880003 ] 
[4.41800472 2.91400409] 
[5.87400028 4.8560003 ] 
[7.00099971 5.39599971] 
[2.5956591  3.36265998] 
[3.29900032 5.05599974] 
[6.82499945 4.19799982] 
[7.172      6.49500018] 
[4.732     4.9139997] 
[2.34800085 4.35000005] 
[3.0079999  4.24000039] 
[5.17700002 4.88900006] 
[3.95799957 4.86700019] 
[2.55999983 2.24600074] 
[4.83399994 4.07199941] 
[7.35400018 4.68399978] 
[3.58800032 2.83200024] 
[3.12700045 2.32499991] 
[5.74799977 6.71100063] 
[5.71100002 5.67400004] 
[6.25000442 6.30100665] 
[3.61700036 3.78399981] 
[7.00699843 3.5979984 ] 
[2.3399999  4.88100039] 
[5.70299987 2.41700006] 
[2.29899984 3.95700008] 
[6.6429996  3.04199946] 
[4.10502912 2.56880438] 
[6.22999978 5.08200085] 
[7.10599872 4.66199991] 
[5.71399953 4.02699998] 
[4.103  4.2685] 
[4.48999986 3.06399972] 
[5.25599971 4.19299869] 
[6.78800023 6.84399983] 
[5.17900039 2.99899988] 
[6.38500021 3.7080003 ] 
[5.76600039 3.57199988] 
[4.13400064 3.25499953] 
[5.64299909 2.15699993] 
[4.85700045 3.27799991] 
[6.71400029 5.42300058] 
[2.96299907 2.91599906] 
[3.09200004 4.33200032] 
[4.67799997 4.2790007 ] 
[4.25099809 4.93900108] 
[6.21500023 4.29299983] 
[6.22400023 5.59299983] 
[5.04099885 5.96399887] 
[4.95500017 5.19499945] 
[4.07400032 2.18499996] 
[3.65100064 4.98599953] 
[4.83600004 2.82000032] 
[2.43200338 2.44800225] 
[2.5189999  4.99299995] 
[5.92200068 4.68500004] 
[5.43499971 4.34499971] 
[6.80200017 5.00399945] 
[5.35500009 6.16900051] 
[2.44900028 3.71599981] 
[5.16300061 3.82800011] 
[6.48799971 4.22100023] 
[5.73499953 4.39199998] 
[2.68500045 2.95599991] 
[5.16299951 2.53699992] 
[6.51000035 6.494     ] 
[3.11800037 4.51199933] 
[5.25800002 5.91100004] 
[4.49799976 3.35599964] 
[4.48700417 5.08200465] 
[5.45500023 4.88199983] 
[5.61500021 3.1240003 ] 
[5.80399958 5.02699983] 
[3.05300031 3.59199997] 
[5.61000002 5.90700004] 
[4.77100002 3.81100004] 
[4.84300017 4.50099945] 
[3.14799986 4.78200011] 
[5.03600067 4.34100028] 
[6.31099986 6.05800046] 
[3.32900043 3.68999988] 
[2.88199989 3.15300051] 
[6.83000021 3.4190003 ] 
[6.23900026 2.92399991] 
[2.78899975 2.18499973] 
[4.04799995 4.62200006] 
[4.40000004 3.97000032] 
[6.95400162 6.42999992] 
[4.26099996 4.58400002] 
[3.28700012 4.17900008] 
[4.68399954 2.32699996] 
[5.61399972 6.59899985] 
[5.85200017 5.95399945] 
[6.30999971 4.70099971] 
[4.40100472 3.65400409] 
[2.7329996  4.52000005] 
[2.37699978 4.11500041] 
[4.67800017 3.16300035] 
[5.33   4.5955] 
[2.35300043 2.20799988] 
[7.01300003 6.64600003] 
[3.55500043 2.61899988] 
[4.29300004 2.75200032] 
[3.20500032 2.51500024] 
[5.10700034 3.18799993] 
[5.17899952 3.97500045] 
[5.09900064 5.05200046] 
[6.35700035 4.12099981] 
[5.49500027 2.72500031] 
[6.57500032 4.99600024] 
[7.30000035 5.324     ] 
[2.28999975 3.02499973] 
[2.73601    2.71600892] 
[2.90499986 4.02300011] 
[6.27800472 3.54800409] 
140 
[4.21800027 3.81400031] 
[6.71400029 5.42300058] 
[6.10100021 2.6880003 ] 
[2.50099975 3.22500012] 
[5.17700001 4.88900015] 
[5.35500009 6.16900051] 
[2.5189999  4.99299995] 
[3.58800032 2.83200024] 
[6.48799949 4.22099969] 
[5.17899952 3.97500045] 
[5.31600005 2.52600006] 
[7.172      6.49500018] 
[3.95799957 4.86700019] 
[2.55999983 2.24600074] 
[3.28700012 4.17900008] 
[6.83000021 3.4190003 ] 
[4.05900029 2.5340013 ] 
[6.22400023 5.59299983] 
[5.92200068 4.68500004] 
[5.38599888 3.27900291] 
[7.14400073 5.14800017] 
[6.84290291 2.16831691] 
[2.37699978 4.11500041] 
[4.74799949 6.63700045] 
[4.84300017 4.50099945] 
[4.48999986 3.06399972] 
[6.69999885 6.20099887] 
[3.14799986 4.78200011] 
[6.53499953 4.79799998] 
[2.68500045 2.95599991] 
[4.55300004 2.49800032] 
[5.74799977 6.71100063] 
[7.34299997 3.02099979] 
[2.91099986 3.85099975] 
[6.31099986 6.05800046] 
[3.61700036 3.78399981] 
[7.10599872 4.66199991] 
[6.27800472 3.54800409] 
[5.07699962 5.6820001 ] 
[3.20500032 2.51500024] 
[4.26099996 4.58400002] 
[4.732     4.9139997] 
[6.6429996  3.04199946] 
[5.70299987 2.41700006] 
[5.61000002 5.90700004] 
[5.71399953 4.02699998] 
[5.03600058 4.34099964] 
[5.16200004 3.64399954] 
[5.10700038 3.18799992] 
[2.9399996  4.72899992] 
[5.87400028 4.8560003 ] 
[3.11800037 4.51199933] 
[4.67800017 3.16300035] 
[6.78800023 6.84399983] 
[5.64299909 2.15699993] 
[5.76600039 3.57199988] 
[3.05300031 3.59199997] 
[6.07200037 4.34899988] 
[2.44900028 3.71599981] 
[4.16399996 4.20100002] 
[2.33400003 2.82400007] 
[4.83399994 4.07199941] 
[3.85300001 2.28800001] 
[4.13400064 3.25499953] 
[4.83600004 2.82000032] 
[2.757      2.40300001] 
[6.82499945 4.19799982] 
[6.08100002 5.7760013 ] 
[6.51000035 6.494     ] 
[4.48700417 5.08200465] 
[5.05200098 4.48799996] 
[4.25099809 4.93900108] 
[3.61599999 4.26199908] 
[2.43200338 2.44800225] 
[4.67799997 4.2790007 ] 
[4.95500017 5.19499945] 
[6.22999978 5.08200085] 
[5.25800002 5.91100004] 
[4.07400032 2.18499996] 
[2.60300028 3.37600047] 
[5.55899964 6.27200016] 
[2.3399999  4.88100039] 
[3.65100064 4.98599953] 
[2.34800085 4.35000005] 
[4.09700045 2.73199991] 
[5.73499953 4.39199998] 
[5.49500027 2.72500031] 
[2.96299907 2.91599906] 
[3.29900032 5.05599974] 
[7.00099971 5.39599971] 
[5.16299981 3.82799955] 
[5.33   4.5955] 
[6.80200017 5.00399945] 
[3.32900043 3.68999988] 
[7.35400018 4.68399978] 
[4.49799976 3.35599964] 
[5.45500023 4.88199983] 
[3.09199929 4.3319992 ] 
[6.90500022 6.18100032] 
[4.77100002 3.81100004] 
[6.46599968 3.34300017] 
[5.71100002 5.67400004] 
[4.40000004 3.97000032] 
[5.85200017 5.95399945] 
[6.30999971 4.70099971] 
[2.88199989 3.15300051] 
[5.61500021 3.1240003 ] 
[3.55500043 2.61899988] 
[6.23900026 2.92399991] 
[5.43499971 4.34499971] 
[7.00699843 3.5979984 ] 
[5.25599971 4.19299869] 
[5.16299951 2.53699992] 
[7.01300003 6.64600003] 
[4.68399954 2.32699996] 
[2.73601    2.71600892] 
[2.7329996  4.52000005] 
[4.47300017 4.60000027] 
[4.40100472 3.65400409] 
[3.12700045 2.32499991] 
[4.85700045 3.27799991] 
[5.04099885 5.96399887] 
[2.28999975 3.02499973] 
[6.95400162 6.42999992] 
[5.80399958 5.02699983] 
[7.30000035 5.324     ] 
[2.78899975 2.18499973] 
[6.38500021 3.7080003 ] 
[5.61399972 6.59899985] 
[2.35300043 2.20799988] 
[4.04799995 4.62200006] 
[5.23900442 3.15900665] 
[4.04199996 4.33600002] 
[5.17900039 2.99899988] 
[5.33599968 3.70800017] 
[6.25000442 6.30100665] 
[4.29300004 2.75200032] 
[2.29899984 3.95700008] 
[4.41800472 2.91400409] 
[6.57500032 4.99600024] 
