161 
[7.00699843 3.5979984 ] 
[2.90499986 4.02300011] 
[6.31099986 6.05800046] 
[4.77100002 3.81100004] 
[3.85300001 2.28800001] 
[5.87399995 4.85600006] 
[6.10100021 2.6880003 ] 
[4.48700417 5.08200465] 
[2.83799998 2.53599999] 
[5.35500009 6.16900051] 
[7.14400023 5.14799983] 
[5.16299951 2.53699992] 
[5.20700013 4.45800019] 
[6.95400162 6.42999992] 
[2.9399996  4.72899992] 
[3.61599999 4.26199908] 
[6.48799971 4.22100023] 
[4.48999986 3.06399972] 
[5.17900039 2.99899988] 
[2.60300028 3.37600047] 
[6.27800472 3.54800409] 
[2.29899984 3.95700008] 
[3.95799957 4.86700019] 
[5.16200004 3.64400032] 
[6.57500032 4.99600024] 
[5.48700011 2.16399986] 
[7.34299997 3.02099979] 
[5.74799977 6.71100063] 
[4.69100002 6.77700004] 
[6.84290291 2.16831691] 
[4.84300017 4.50099945] 
[2.51899976 4.993     ] 
[2.43200338 2.44800225] 
[6.08099995 5.77600006] 
[4.95500017 5.19499945] 
[3.32900043 3.68999988] 
[4.09700045 2.73199991] 
[4.40000004 3.97000032] 
[5.07699962 5.6820001 ] 
[2.33400003 2.82400007] 
[7.10600032 4.66200024] 
[6.6429996  3.04199946] 
[5.73499953 4.39199998] 
[4.55300004 2.49800032] 
[3.55500043 2.61899988] 
[4.16399996 4.20100002] 
[5.25599971 4.19299869] 
[5.71100002 5.67400004] 
[4.26099996 4.58400002] 
[6.71399932 5.42300001] 
[5.76600039 3.57199988] 
[3.09199929 4.3319992 ] 
[2.50000026 4.36599991] 
[5.17700003 4.88900003] 
[5.38599888 3.27900291] 
[3.61700036 3.78399981] 
[6.51000035 6.494     ] 
[6.22999885 5.08199887] 
[3.29900032 5.05599974] 
[6.90500022 6.18100032] 
[6.05999932 4.65900001] 
[3.12700045 2.32499991] 
[7.01300003 6.64600003] 
[4.85700045 3.27799991] 
[6.21500023 4.29299983] 
[5.31600005 2.52600006] 
[4.13400064 3.25499953] 
[2.96299907 2.91599906] 
[4.7320002  4.91400017] 
[5.04099885 5.96399887] 
[5.70299987 2.41700006] 
[5.71399953 4.02699998] 
[2.55999983 2.24600074] 
[4.83600004 2.82000032] 
[4.25099809 4.93900108] 
[4.07400032 2.18499996] 
[2.51300007 3.57000011] 
[4.49799976 3.35599964] 
[4.83399994 4.07199941] 
[4.67800013 4.27900019] 
[5.85200017 5.95399945] 
[3.65100064 4.98599953] 
[4.40100472 3.65400409] 
[6.82499945 4.19799982] 
[5.33   4.5955] 
[5.16299981 3.82799955] 
[2.88199989 3.15300051] 
[5.61500021 3.1240003 ] 
[5.55899964 6.27200016] 
[4.05900029 2.5340013 ] 
[5.61000002 5.90700004] 
[7.35400018 4.68399978] 
[5.45500023 4.88199983] 
[3.05300031 3.59199997] 
[2.68500045 2.95599991] 
[6.46599968 3.34300017] 
[6.78800023 6.84399983] 
[6.30999971 4.70099971] 
[7.00099971 5.39599971] 
[5.43499971 4.34499971] 
[5.03600058 4.34099964] 
[5.10700034 3.18799993] 
[2.78899975 2.18499973] 
[7.30000035 5.324     ] 
[6.83000021 3.4190003 ] 
[5.33599968 3.70800017] 
[2.7329996  4.52000005] 
[2.37699978 4.11500041] 
[6.80200017 5.00399945] 
[4.47300017 4.60000027] 
[4.04799995 4.62200006] 
[6.23900026 2.92399991] 
[3.28700012 4.17900008] 
[3.58800032 2.83200024] 
[4.68399954 2.32699996] 
[4.29300004 2.75200032] 
[3.11800037 4.51199933] 
[4.21800027 3.81400031] 
[2.35300043 2.20799988] 
[5.17899952 3.97500045] 
[5.25800002 5.91100004] 
[2.28999975 3.02499973] 
[3.20500032 2.51500024] 
[5.80399958 5.02699983] 
[6.22400023 5.59299983] 
[3.14799986 4.78200011] 
[4.67800017 3.16300035] 
[2.3399999  4.88100039] 
[6.53499953 4.79799998] 
[2.50099975 3.22500012] 
[4.04199996 4.33600002] 
[6.25000442 6.30100665] 
[6.07199996 4.34900002] 
[5.49500027 2.72500031] 
[6.69999885 6.20099887] 
[2.73601    2.71600892] 
[5.09900064 5.05200046] 
[6.38500021 3.7080003 ] 
[7.30199932 5.12400001] 
[2.91100032 3.85100024] 
[5.07700064 4.77799953] 
[7.172      6.49500018] 
[5.61399972 6.59899985] 
[2.75700007 2.40300011] 
[2.44899975 3.71600012] 
[6.10399932 5.92900001] 
[6.35700035 4.12099981] 
[2.3479996  4.35000005] 
[4.74799953 6.63699998] 
[6.14799947 5.20899947] 
[6.75400442 5.58600665] 
[6.00400064 4.94199953] 
[5.02499974 3.72500032] 
[4.41800472 2.91400409] 
[6.95399999 4.64700019] 
[5.0519998  4.48800021] 
[2.65500021 4.94000023] 
[5.64300026 2.15699991] 
[4.83600442 4.99600665] 
[4.62800002 4.41600004] 
[5.92200023 4.68499983] 
162 
[4.95500017 5.19499945] 
[3.61599999 4.26199908] 
[5.49500027 2.72500031] 
[7.30199932 5.12400001] 
[2.50099975 3.22500012] 
[6.78800023 6.84399983] 
[5.17899952 3.97500045] 
[6.83000021 3.4190003 ] 
[5.55899964 6.27200016] 
[2.50000026 4.36599991] 
[3.85300001 2.28800001] 
[6.53499953 4.79799998] 
[2.43200338 2.44800225] 
[4.41800472 2.91400409] 
[3.11800037 4.51199933] 
[4.25099809 4.93900108] 
[6.10100021 2.6880003 ] 
[6.31099986 6.05800046] 
[5.92200068 4.68500004] 
[6.95400162 6.42999992] 
[5.0519998  4.48800021] 
[4.21800027 3.81400031] 
[6.48799971 4.22100023] 
[4.69100002 6.77700004] 
[5.25800002 5.91100004] 
[2.83799998 2.53599999] 
[2.91100032 3.85100024] 
[6.84290291 2.16831691] 
[5.33599968 3.70800017] 
[7.34299997 3.02099979] 
[2.51899976 4.993     ] 
[6.75400442 5.58600665] 
[5.23900442 3.15900665] 
[5.70299987 2.41700006] 
[4.68399954 2.32699996] 
[6.08099995 5.77600006] 
[4.62800002 4.41600004] 
[3.55200045 3.72500034] 
[7.35400018 4.68399978] 
[3.58800032 2.83200024] 
[3.65100064 4.98599953] 
[5.74799977 6.71100063] 
[6.27800472 3.54800409] 
[2.44899975 3.71600012] 
[6.6429996  3.04199946] 
[5.17700003 4.88900003] 
[6.14799947 5.20899947] 
[4.7320002  4.91400017] 
[5.16299951 2.53699992] 
[4.09700045 2.73199991] 
[2.33400003 2.82400007] 
[4.13400064 3.25499953] 
[5.73499953 4.39199998] 
[4.16399996 4.20100002] 
[6.69999885 6.20099887] 
[2.37699978 4.11500041] 
[4.04799995 4.62200006] 
[5.61000002 5.90700004] 
[4.67800017 3.16300035] 
[2.88199989 3.15300051] 
[6.82499945 4.19799982] 
[3.20500032 2.51500024] 
[5.80399958 5.02699983] 
[5.07699962 5.6820001 ] 
[2.9399996  4.72899992] 
[3.09199929 4.3319992 ] 
[4.77100002 3.81100004] 
[5.76600039 3.57199988] 
[5.02499974 3.72500032] 
[5.45500023 4.88199983] 
[6.21500023 4.29299983] 
[5.71399953 4.02699998] 
[5.25599971 4.19299869] 
[2.78899975 2.18499973] 
[6.51000035 6.494     ] 
[2.55999983 2.24600074] 
[3.29900032 5.05599974] 
[7.10600032 4.66200024] 
[7.00099971 5.39599971] 
[4.07400032 2.18499996] 
[5.38599888 3.27900291] 
[5.33   4.5955] 
[5.35500009 6.16900051] 
[5.64300026 2.15699991] 
[4.83600004 2.82000032] 
[6.80200017 5.00399945] 
[2.7329996  4.52000005] 
[2.60300028 3.37600047] 
[4.48700417 5.08200465] 
[5.31600005 2.52600006] 
[6.46599968 3.34300017] 
[5.61500021 3.1240003 ] 
[4.83399994 4.07199941] 
[3.95799957 4.86700019] 
[5.43499971 4.34499971] 
[2.68500045 2.95599991] 
[6.00400064 4.94199953] 
[3.05300031 3.59199997] 
[5.71100002 5.67400004] 
[6.90500022 6.18100032] 
[6.23900026 2.92399991] 
[7.00699843 3.5979984 ] 
[4.40000004 3.97000032] 
[4.05900029 2.5340013 ] 
[4.55300004 2.49800032] 
[6.30999971 4.70099971] 
[5.85200017 5.95399945] 
[4.47300017 4.60000027] 
[4.49799976 3.35599964] 
[4.40100472 3.65400409] 
[7.01300003 6.64600003] 
[2.3399999  4.88100039] 
[4.85700045 3.27799991] 
[4.84300017 4.50099945] 
[6.25000442 6.30100665] 
[2.96299907 2.91599906] 
[3.14799986 4.78200011] 
[3.32900043 3.68999988] 
[2.28999975 3.02499973] 
[4.26099996 4.58400002] 
[6.22400023 5.59299983] 
[3.55500043 2.61899988] 
[3.72100007 3.84200011] 
[2.35300043 2.20799988] 
[2.73601    2.71600892] 
[3.28700012 4.17900008] 
[5.09900064 5.05200046] 
[5.16299981 3.82799955] 
[2.29899984 3.95700008] 
[5.17900039 2.99899988] 
[3.12700045 2.32499991] 
[5.03600058 4.34099964] 
[6.57500032 4.99600024] 
[6.71399932 5.42300001] 
[7.30000035 5.324     ] 
[4.48999986 3.06399972] 
[4.83600442 4.99600665] 
[5.04099885 5.96399887] 
[4.29300004 2.75200032] 
[5.16200004 3.64400032] 
[2.51300007 3.57000011] 
[5.61399972 6.59899985] 
[7.172      6.49500018] 
[6.38500021 3.7080003 ] 
[7.14400023 5.14799983] 
[4.04199996 4.33600002] 
[2.75700007 2.40300011] 
[5.20700013 4.45800019] 
[2.90499986 4.02300011] 
[5.48700011 2.16399986] 
[5.87399995 4.85600006] 
[2.3479996  4.35000005] 
[6.95399999 4.64700019] 
[6.07199996 4.34900002] 
[6.10399932 5.92900001] 
[4.74799953 6.63699998] 
[6.35700035 4.12099981] 
[6.22999885 5.08199887] 
[4.67800013 4.27900019] 
[5.07700064 4.77799953] 
[5.10700038 3.18799992] 
[2.65500021 4.94000023] 
163 
[5.17899952 3.97500045] 
[3.09199929 4.3319992 ] 
[5.71100002 5.67400004] 
[6.23900026 2.92399991] 
[7.10600032 4.66200024] 
[2.68500045 2.95599991] 
[4.55300004 2.49800032] 
[6.95400162 6.42999992] 
[5.03600058 4.34099964] 
[4.48700417 5.08200465] 
[5.10700034 3.18799993] 
[5.55899964 6.27200016] 
[5.92200068 4.68500004] 
[6.84290291 2.16831691] 
[5.48700011 2.16399986] 
[6.38500021 3.7080003 ] 
[3.61599999 4.26199908] 
[2.29899984 3.95700008] 
[3.55500043 2.61899988] 
[4.41800472 2.91400409] 
[2.55999983 2.24600074] 
[2.9399996  4.72899992] 
[4.69100002 6.77700004] 
[6.71399932 5.42300001] 
[7.34299997 3.02099979] 
[6.31099986 6.05800046] 
[3.29900032 5.05599974] 
[3.32900043 3.68999988] 
[7.14400023 5.14799983] 
[5.07700064 4.77799953] 
[4.04199996 4.33600002] 
[5.04099885 5.96399887] 
[4.05900029 2.5340013 ] 
[5.31600005 2.52600006] 
[5.74799977 6.71100063] 
[4.62800002 4.41600004] 
[6.22999978 5.08200085] 
[4.21800027 3.81400031] 
[5.71399953 4.02699998] 
[2.60300028 3.37600047] 
[4.67800017 3.16300035] 
[7.00699843 3.5979984 ] 
[6.48799971 4.22100023] 
[3.12700045 2.32499991] 
[4.07400032 2.18499996] 
[2.50000026 4.36599991] 
[2.3399999  4.88100039] 
[2.91100032 3.85100024] 
[4.25099809 4.93900108] 
[6.64300017 3.04200035] 
[6.22400023 5.59299983] 
[5.20700013 4.45800019] 
[3.72100007 3.84200011] 
[4.95500017 5.19499945] 
[4.13400064 3.25499953] 
[2.33400003 2.82400007] 
[5.80399958 5.02699983] 
[6.80200017 5.00399945] 
[5.16200004 3.64400032] 
[6.51000035 6.494     ] 
[5.76600039 3.57199988] 
[5.70299987 2.41700006] 
[5.45500023 4.88199983] 
[5.07699962 5.6820001 ] 
[4.83600442 4.99600665] 
[4.04799995 4.62200006] 
[4.83600004 2.82000032] 
[6.78800023 6.84399983] 
[6.53499953 4.79799998] 
[2.83799998 2.53599999] 
[6.90500022 6.18100032] 
[4.77100002 3.81100004] 
[5.73499953 4.39199998] 
[6.08099995 5.77600006] 
[3.65100064 4.98599953] 
[5.35500009 6.16900051] 
[5.38599888 3.27900291] 
[6.21500023 4.29299983] 
[2.44899975 3.71600012] 
[7.00099971 5.39599971] 
[6.46599968 3.34300017] 
[3.05300031 3.59199997] 
[4.26099996 4.58400002] 
[2.43200338 2.44800225] 
[2.65500021 4.94000023] 
[6.69999971 4.25099971] 
[3.14799986 4.78200011] 
[7.35400018 4.68399978] 
[3.85300001 2.28800001] 
[2.88199989 3.15300051] 
[5.61000002 5.90700004] 
[7.172      6.49500018] 
[4.49799976 3.35599964] 
[6.83000021 3.4190003 ] 
[5.49500027 2.72500031] 
[3.55200045 3.72500034] 
[6.30999971 4.70099971] 
[4.83399994 4.07199941] 
[3.58800032 2.83200024] 
[2.37699978 4.11500041] 
[2.96299907 2.91599906] 
[5.25599971 4.19299869] 
[5.16299981 3.82799955] 
[5.61500021 3.1240003 ] 
[4.40100472 3.65400409] 
[5.28499982 4.55400008] 
[4.68399954 2.32699996] 
[2.78899975 2.18499973] 
[3.95799957 4.86700019] 
[6.10100021 2.6880003 ] 
[4.84300017 4.50099945] 
[2.35300043 2.20799988] 
[7.30000035 5.324     ] 
[4.40000004 3.97000032] 
[5.16299951 2.53699992] 
[6.00400064 4.94199953] 
[5.43499971 4.34499971] 
[5.85200017 5.95399945] 
[4.7320002  4.91400017] 
[5.25800002 5.91100004] 
[6.57500032 4.99600024] 
[2.7329996  4.52000005] 
[2.73601    2.71600892] 
[7.01300003 6.64600003] 
[3.28700012 4.17900008] 
[6.69999885 6.20099887] 
[5.09900064 5.05200046] 
[3.11800037 4.51199933] 
[4.47300017 4.60000027] 
[3.20500032 2.51500024] 
[2.28999975 3.02499973] 
[4.85700045 3.27799991] 
[4.09700045 2.73199991] 
[4.48999986 3.06399972] 
[4.29300004 2.75200032] 
[6.25000442 6.30100665] 
[6.27800472 3.54800409] 
[5.61399972 6.59899985] 
[6.35700035 4.12099981] 
[7.30199932 5.12400001] 
[2.90499986 4.02300011] 
[2.50099975 3.22500012] 
[5.17900039 2.99899988] 
[6.75400442 5.58600665] 
[4.16399996 4.20100002] 
[2.51300007 3.57000011] 
[5.02499974 3.72500032] 
[4.74799953 6.63699998] 
[5.17700003 4.88900003] 
[5.33599968 3.70800017] 
[6.10399932 5.92900001] 
[5.0519998  4.48800021] 
[5.64300026 2.15699991] 
[2.75700007 2.40300011] 
[6.07199996 4.34900002] 
[2.3479996  4.35000005] 
[6.95399999 4.64700019] 
[2.51899976 4.993     ] 
[5.87399995 4.85600006] 
[6.54200002 2.94700004] 
[6.82500035 4.198     ] 
[5.37499982 4.63700008] 
[4.67800013 4.27900019] 
164 
[5.17900039 2.99899988] 
[6.95400162 6.42999992] 
[2.91100032 3.85100024] 
[5.17899952 3.97500045] 
[6.22999885 5.08199887] 
[2.68500045 2.95599991] 
[6.83000021 3.4190003 ] 
[4.04799995 4.62200006] 
[5.35500009 6.16900051] 
[5.07700064 4.77799953] 
[4.09700045 2.73199991] 
[2.9399996  4.72899992] 
[7.35400032 4.68400024] 
[7.34299997 3.02099979] 
[5.64300026 2.15699991] 
[6.21500023 4.29299983] 
[6.90700033 2.10299982] 
[3.61700036 3.78399981] 
[6.75400442 5.58600665] 
[2.75700007 2.40300011] 
[5.74799977 6.71100063] 
[4.48999986 3.06399972] 
[2.29899984 3.95700008] 
[4.69100002 6.77700004] 
[6.31099986 6.05800046] 
[4.40000004 3.97000032] 
[3.09199929 4.3319992 ] 
[5.16299981 3.82799955] 
[5.31600005 2.52600006] 
[6.23900026 2.92399991] 
[4.07400032 2.18499996] 
[2.60300028 3.37600047] 
[7.14400023 5.14799983] 
[4.25099809 4.93900108] 
[4.84300017 4.50099945] 
[5.04099885 5.96399887] 
[4.68399954 2.32699996] 
[6.08099995 5.77600006] 
[5.73499953 4.39199998] 
[6.38500021 3.7080003 ] 
[3.55500043 2.61899988] 
[6.82500035 4.198     ] 
[2.51899976 4.993     ] 
[5.20700013 4.45800019] 
[5.92200023 4.68499983] 
[3.29900032 5.05599974] 
[2.33400003 2.82400007] 
[3.61599999 4.26199908] 
[6.51000035 6.494     ] 
[4.83600442 4.99600665] 
[6.53499953 4.79799998] 
[6.6429996  3.04199946] 
[2.50000026 4.36599991] 
[5.76600039 3.57199988] 
[5.38599888 3.27900291] 
[3.12700045 2.32499991] 
[5.71100002 5.67400004] 
[2.43200338 2.44800225] 
[7.10600032 4.66200024] 
[4.83600004 2.82000032] 
[4.13400064 3.25499953] 
[6.78800023 6.84399983] 
[4.62800002 4.41600004] 
[4.83399994 4.07199941] 
[5.55899964 6.27200016] 
[4.16399996 4.20100002] 
[6.46599968 3.34300017] 
[4.67800017 3.16300035] 
[5.16200004 3.64400032] 
[5.07699962 5.6820001 ] 
[5.87399995 4.85600006] 
[6.90500022 6.18100032] 
[5.71399953 4.02699998] 
[3.65100064 4.98599953] 
[5.45500023 4.88199983] 
[6.80200017 5.00399945] 
[6.48799971 4.22100023] 
[4.21800027 3.81400031] 
[3.32900043 3.68999988] 
[2.96299907 2.91599906] 
[4.48700417 5.08200465] 
[5.16299951 2.53699992] 
[5.25599971 4.19299869] 
[7.172      6.49500018] 
[5.85200017 5.95399945] 
[5.70299987 2.41700006] 
[3.14799986 4.78200011] 
[5.09900064 5.05200046] 
[6.25000442 6.30100665] 
[3.05300031 3.59199997] 
[5.61500021 3.1240003 ] 
[4.77100002 3.81100004] 
[6.10100021 2.6880003 ] 
[3.28700012 4.17900008] 
[2.55999983 2.24600074] 
[6.22400023 5.59299983] 
[2.44899975 3.71600012] 
[4.49799976 3.35599964] 
[4.05900029 2.5340013 ] 
[2.73601    2.71600892] 
[2.37699978 4.11500041] 
[5.10700034 3.18799993] 
[7.00099971 5.39599971] 
[2.88199989 3.15300051] 
[5.61000002 5.90700004] 
[4.47300017 4.60000027] 
[5.33   4.5955] 
[4.40100472 3.65400409] 
[2.50099975 3.22500012] 
[4.95500017 5.19499945] 
[7.00699843 3.5979984 ] 
[5.03600058 4.34099964] 
[5.43499971 4.34499971] 
[6.30999971 4.70099971] 
[3.85300001 2.28800001] 
[5.25800002 5.91100004] 
[3.95799957 4.86700019] 
[7.30000035 5.324     ] 
[2.78899975 2.18499973] 
[7.01300003 6.64600003] 
[4.7320002  4.91400017] 
[3.11800037 4.51199933] 
[4.26099996 4.58400002] 
[3.58800032 2.83200024] 
[6.69999885 6.20099887] 
[4.55300004 2.49800032] 
[2.7329996  4.52000005] 
[2.3399999  4.88100039] 
[4.85700045 3.27799991] 
[3.20500032 2.51500024] 
[4.29300004 2.75200032] 
[4.04199996 4.33600002] 
[2.28999975 3.02499973] 
[5.80399958 5.02699983] 
[6.57500032 4.99600024] 
[5.49500027 2.72500031] 
[2.90499986 4.02300011] 
[2.35300043 2.20799988] 
[6.27800472 3.54800409] 
[6.35700035 4.12099981] 
[6.71399932 5.42300001] 
[5.02499974 3.72500032] 
[5.61399972 6.59899985] 
[6.14799947 5.20899947] 
[5.48700011 2.16399986] 
[7.30199932 5.12400001] 
[5.33599968 3.70800017] 
[6.07199996 4.34900002] 
[6.00400064 4.94199953] 
[2.51300007 3.57000011] 
[6.83297695 2.19796314] 
[2.3479996  4.35000005] 
[4.41800472 2.91400409] 
[6.10399932 5.92900001] 
[4.67800013 4.27900019] 
[6.95399999 4.64700019] 
[2.83799998 2.53599999] 
[4.74799953 6.63699998] 
[6.05999932 4.65900001] 
[5.17700003 4.88900003] 
[5.0519998  4.48800021] 
[6.69999971 4.25099971] 
[2.65500021 4.94000023] 
[7.23600664 4.73500597] 
165 
[7.10600032 4.66200024] 
[4.04199996 4.33600002] 
[4.07400032 2.18499996] 
[6.31099986 6.05800046] 
[2.50099975 3.22500012] 
[5.61500021 3.1240003 ] 
[4.83600442 4.99600665] 
[3.0079999  4.24000039] 
[5.43499971 4.34499971] 
[6.54200002 2.94700004] 
[5.35500009 6.16900051] 
[4.49799976 3.35599964] 
[2.78899975 2.18499973] 
[6.14799947 5.20899947] 
[6.48799971 4.22100023] 
[6.90500022 6.18100032] 
[5.16300024 3.82800032] 
[5.70299987 2.41700006] 
[2.3399999  4.88100039] 
[3.61700036 3.78399981] 
[4.83600004 2.82000032] 
[6.84290291 2.16831691] 
[2.50000026 4.36599991] 
[4.47300017 4.60000027] 
[4.74799953 6.63699998] 
[7.14400023 5.14799983] 
[3.20500032 2.51500024] 
[7.34299997 3.02099979] 
[3.29900032 5.05599974] 
[7.172      6.49500018] 
[5.74799977 6.71100063] 
[6.07199996 4.34900002] 
[6.57500032 4.99600024] 
[5.07699962 5.6820001 ] 
[4.05900029 2.5340013 ] 
[6.27800472 3.54800409] 
[4.25099809 4.93900108] 
[6.75400442 5.58600665] 
[5.71100002 5.67400004] 
[7.00699843 3.5979984 ] 
[2.33400003 2.82400007] 
[5.31600005 2.52600006] 
[5.03600058 4.34099964] 
[4.21800027 3.81400031] 
[2.44899975 3.71600012] 
[2.88199989 3.15300051] 
[3.14799986 4.78200011] 
[5.17700003 4.88900003] 
[5.10700034 3.18799993] 
[2.73601    2.71600892] 
[5.87399995 4.85600006] 
[6.10100021 2.6880003 ] 
[4.67800017 3.16300035] 
[4.68399954 2.32699996] 
[6.22400023 5.59299983] 
[2.43200338 2.44800225] 
[3.61599999 4.26199908] 
[4.83399994 4.07199941] 
[3.05300031 3.59199997] 
[6.51000035 6.494     ] 
[5.76600039 3.57199988] 
[2.9399996  4.72899992] 
[3.58800032 2.83200024] 
[6.78800023 6.84399983] 
[5.33   4.5955] 
[5.25599971 4.19299869] 
[6.05999932 4.65900001] 
[2.37699978 4.11500041] 
[4.04799995 4.62200006] 
[5.48700011 2.16399986] 
[2.91100032 3.85100024] 
[4.48700417 5.08200465] 
[5.71399953 4.02699998] 
[4.13400064 3.25499953] 
[5.38599888 3.27900291] 
[2.65500021 4.94000023] 
[4.41800472 2.91400409] 
[3.11800037 4.51199933] 
[2.83799998 2.53599999] 
[2.7329996  4.52000005] 
[6.82499945 4.19799982] 
[2.61799984 3.45600008] 
[6.10399932 5.92900001] 
[5.55899964 6.27200016] 
[4.62800002 4.41600004] 
[2.55999983 2.24600074] 
[7.35400018 4.68399978] 
[3.95799957 4.86700019] 
[6.46599968 3.34300017] 
[3.32900043 3.68999988] 
[3.65100064 4.98599953] 
[5.61000002 5.90700004] 
[3.28700012 4.17900008] 
[6.23900026 2.92399991] 
[4.40100472 3.65400409] 
[7.00099971 5.39599971] 
[4.77100002 3.81100004] 
[5.25800002 5.91100004] 
[5.45500023 4.88199983] 
[5.73499953 4.39199998] 
[5.85200017 5.95399945] 
[6.80200017 5.00399945] 
[5.49500027 2.72500031] 
[2.96299907 2.91599906] 
[4.40000004 3.97000032] 
[6.25000442 6.30100665] 
[5.04099885 5.96399887] 
[2.68500045 2.95599991] 
[6.69999885 6.20099887] 
[6.30999971 4.70099971] 
[7.30000035 5.324     ] 
[6.95400162 6.42999992] 
[7.01300003 6.64600003] 
[4.7320002  4.91400017] 
[4.85700045 3.27799991] 
[4.95500017 5.19499945] 
[6.83000021 3.4190003 ] 
[4.84300017 4.50099945] 
[4.26099996 4.58400002] 
[3.85300001 2.28800001] 
[4.55300004 2.49800032] 
[3.55500043 2.61899988] 
[2.28999975 3.02499973] 
[5.16299951 2.53699992] 
[5.16200004 3.64400032] 
[4.29300004 2.75200032] 
[5.17899952 3.97500045] 
[5.20700013 4.45800019] 
[6.53499953 4.79799998] 
[6.38500021 3.7080003 ] 
[2.35300043 2.20799988] 
[3.12700045 2.32499991] 
[5.61399972 6.59899985] 
[7.30199932 5.12400001] 
[5.80399958 5.02699983] 
[5.17900039 2.99899988] 
[5.29400026 3.86599991] 
[2.29899984 3.95700008] 
[5.09900064 5.05200046] 
[5.64300026 2.15699991] 
[2.90499986 4.02300011] 
[4.09700045 2.73199991] 
[4.48999986 3.06399972] 
[5.33599968 3.70800017] 
[6.35700035 4.12099981] 
[6.08099995 5.77600006] 
[2.75700007 2.40300011] 
[4.16399996 4.20100002] 
[6.71399932 5.42300001] 
[4.69100002 6.77700004] 
[6.22999885 5.08199887] 
[5.02499974 3.72500032] 
[5.0519998  4.48800021] 
[6.21500023 4.29299983] 
[2.51899976 4.993     ] 
[4.67800013 4.27900019] 
[6.64300017 3.04200035] 
[2.3479996  4.35000005] 
[6.00400064 4.94199953] 
[3.09200004 4.33200032] 
[6.95399999 4.64700019] 
[2.60300109 3.37599925] 
[2.51300007 3.57000011] 
[5.92200023 4.68499983] 
[5.07700064 4.77799953] 
166 
[3.95799957 4.86700019] 
[6.80200017 5.00399945] 
[4.13400064 3.25499953] 
[6.64300017 3.04200035] 
[2.50099975 3.22500012] 
[6.31099986 6.05800046] 
[5.03600058 4.34099964] 
[5.35500009 6.16900051] 
[5.16299951 2.53699992] 
[3.09199929 4.3319992 ] 
[6.22999885 5.08199887] 
[2.75700007 2.40300011] 
[3.58800032 2.83200024] 
[6.21500023 4.29299983] 
[6.78800023 6.84399983] 
[3.32900043 3.68999988] 
[2.50000026 4.36599991] 
[5.09900064 5.05200046] 
[5.29400026 3.86599991] 
[6.83297695 2.19796314] 
[5.38599888 3.27900291] 
[2.9399996  4.72899992] 
[6.90500022 6.18100032] 
[5.74799977 6.71100063] 
[4.07400032 2.18499996] 
[4.40000004 3.97000032] 
[6.22400023 5.59299983] 
[4.69100002 6.77700004] 
[5.70299987 2.41700006] 
[7.34299997 3.02099979] 
[7.10600032 4.66200024] 
[4.7320002  4.91400017] 
[7.30199932 5.12400001] 
[5.07699962 5.6820001 ] 
[3.61599999 4.26199908] 
[4.55300004 2.49800032] 
[4.85700045 3.27799991] 
[5.87399995 4.85600006] 
[4.09700045 2.73199991] 
[6.48799971 4.22100023] 
[2.51899976 4.993     ] 
[7.00699843 3.5979984 ] 
[5.61000002 5.90700004] 
[6.75400442 5.58600665] 
[6.95400162 6.42999992] 
[6.46599968 3.34300017] 
[2.44899975 3.71600012] 
[2.33400003 2.82400007] 
[2.96299907 2.91599906] 
[4.62800002 4.41600004] 
[6.23900026 2.92399991] 
[5.71399953 4.02699998] 
[4.67800017 3.16300035] 
[4.04199996 4.33600002] 
[5.45500023 4.88199983] 
[2.43200338 2.44800225] 
[3.20500032 2.51500024] 
[3.72100007 3.84200011] 
[4.77100002 3.81100004] 
[3.29900032 5.05599974] 
[5.48700011 2.16399986] 
[2.29899984 3.95700008] 
[5.76600039 3.57199988] 
[4.26099996 4.58400002] 
[3.05300031 3.59199997] 
[6.82500035 4.198     ] 
[5.43499971 4.34499971] 
[6.51000035 6.494     ] 
[6.27800472 3.54800409] 
[4.41800472 2.91400409] 
[6.53499953 4.79799998] 
[4.83600004 2.82000032] 
[3.11800037 4.51199933] 
[4.83399994 4.07199941] 
[5.04099885 5.96399887] 
[5.49500027 2.72500031] 
[5.17900039 2.99899988] 
[5.02499974 3.72500032] 
[2.60300028 3.37600047] 
[7.00099971 5.39599971] 
[2.73601    2.71600892] 
[6.05999932 4.65900001] 
[2.90499986 4.02300011] 
[4.25099809 4.93900108] 
[3.65100064 4.98599953] 
[6.30999971 4.70099971] 
[5.28499984 4.55400028] 
[4.21800027 3.81400031] 
[6.10100021 2.6880003 ] 
[6.08099995 5.77600006] 
[5.55899964 6.27200016] 
[2.55999983 2.24600074] 
[2.35300043 2.20799988] 
[3.28700012 4.17900008] 
[5.07700064 4.77799953] 
[5.17899952 3.97500045] 
[5.61500021 3.1240003 ] 
[5.73499953 4.39199998] 
[7.35400032 4.68400024] 
[5.85200017 5.95399945] 
[2.7329996  4.52000005] 
[5.31600005 2.52600006] 
[4.05900029 2.5340013 ] 
[5.71100002 5.67400004] 
[2.88199989 3.15300051] 
[5.25800002 5.91100004] 
[4.49799976 3.35599964] 
[4.48700417 5.08200465] 
[2.68500045 2.95599991] 
[5.0519998  4.48800021] 
[2.78899975 2.18499973] 
[5.10700034 3.18799993] 
[6.83000021 3.4190003 ] 
[4.04799995 4.62200006] 
[2.28999975 3.02499973] 
[2.37699978 4.11500041] 
[3.14799986 4.78200011] 
[3.55200045 3.72500034] 
[4.40100472 3.65400409] 
[3.85300001 2.28800001] 
[3.12700045 2.32499991] 
[4.68399954 2.32699996] 
[3.55500043 2.61899988] 
[7.01300003 6.64600003] 
[4.84300017 4.50099945] 
[4.47300017 4.60000027] 
[4.16399996 4.20100002] 
[6.57500032 4.99600024] 
[6.69999885 6.20099887] 
[5.25599971 4.19299869] 
[2.3399999  4.88100039] 
[5.80399958 5.02699983] 
[7.30000035 5.324     ] 
[4.95500017 5.19499945] 
[6.38500021 3.7080003 ] 
[4.48999986 3.06399972] 
[5.33599968 3.70800017] 
[5.61399972 6.59899985] 
[6.71399932 5.42300001] 
[6.25000442 6.30100665] 
[2.91100032 3.85100024] 
[6.35700035 4.12099981] 
[7.172      6.49500018] 
[6.07199996 4.34900002] 
[6.95399999 4.64700019] 
[4.29300004 2.75200032] 
[5.64300026 2.15699991] 
[6.14799947 5.20899947] 
[7.14400023 5.14799983] 
[2.51300007 3.57000011] 
[6.00400064 4.94199953] 
[4.74799953 6.63699998] 
[6.10399932 5.92900001] 
[2.65500021 4.94000023] 
[5.17700003 4.88900003] 
[5.92200023 4.68499983] 
[2.83799998 2.53599999] 
[2.3479996  4.35000005] 
[6.54200002 2.94700004] 
[5.16200004 3.64400032] 
[5.16300024 3.82800032] 
[4.67800013 4.27900019] 
[7.23600664 4.73500597] 
[4.83600442 4.99600665] 
[6.90700033 2.10299982] 
[6.69999971 4.25099971] 
167 
[4.25099809 4.93900108] 
[6.48799971 4.22100023] 
[4.55300004 2.49800032] 
[2.50099975 3.22500012] 
[6.31099986 6.05800046] 
[6.84290291 2.16831691] 
[3.09200004 4.33200032] 
[5.17899952 3.97500045] 
[6.00400064 4.94199953] 
[4.74799953 6.63699998] 
[6.10100021 2.6880003 ] 
[7.35400032 4.68400024] 
[2.75700007 2.40300011] 
[5.25800002 5.91100004] 
[7.172      6.49500018] 
[5.23900442 3.15900665] 
[6.83000021 3.4190003 ] 
[4.21800027 3.81400031] 
[2.65500021 4.94000023] 
[5.45500023 4.88199983] 
[5.31600005 2.52600006] 
[3.32900043 3.68999988] 
[2.29899984 3.95700008] 
[3.55500043 2.61899988] 
[5.74799977 6.71100063] 
[7.14400023 5.14799983] 
[6.27800472 3.54800409] 
[5.28499984 4.55400028] 
[4.49799976 3.35599964] 
[4.47300017 4.60000027] 
[4.05900029 2.5340013 ] 
[3.61599999 4.26199908] 
[5.73499953 4.39199998] 
[3.29900032 5.05599974] 
[7.34299997 3.02099979] 
[6.30999971 4.70099971] 
[4.83600442 4.99600665] 
[5.64300026 2.15699991] 
[6.08099995 5.77600006] 
[6.75400442 5.58600665] 
[6.69999885 6.20099887] 
[2.68500045 2.95599991] 
[6.54200002 2.94700004] 
[2.9399996  4.72899992] 
[2.90499986 4.02300011] 
[4.07400032 2.18499996] 
[2.50000026 4.36599991] 
[5.55899964 6.27200016] 
[2.43200338 2.44800225] 
[5.03600058 4.34099964] 
[5.07700064 4.77799953] 
[4.04199996 4.33600002] 
[6.57500032 4.99600024] 
[5.16200004 3.64400032] 
[5.76600039 3.57199988] 
[6.78800023 6.84399983] 
[3.20500032 2.51500024] 
[3.61700036 3.78399981] 
[5.61500021 3.1240003 ] 
[4.67800013 4.27900019] 
[4.67800017 3.16300035] 
[4.13400064 3.25499953] 
[6.82500035 4.198     ] 
[4.41800472 2.91400409] 
[6.95399999 4.64700019] 
[2.61799984 3.45600008] 
[5.61000002 5.90700004] 
[5.07699962 5.6820001 ] 
[6.22999885 5.08199887] 
[6.05999932 4.65900001] 
[2.33400003 2.82400007] 
[4.83600004 2.82000032] 
[3.65100064 4.98599953] 
[6.07199996 4.34900002] 
[2.55999983 2.24600074] 
[4.77100002 3.81100004] 
[6.25000442 6.30100665] 
[5.70299987 2.41700006] 
[6.51000035 6.494     ] 
[5.09900064 5.05200046] 
[2.88199989 3.15300051] 
[6.90500022 6.18100032] 
[3.95799957 4.86700019] 
[2.44899975 3.71600012] 
[5.71399953 4.02699998] 
[5.35500009 6.16900051] 
[4.48700417 5.08200465] 
[7.00099971 5.39599971] 
[5.71100002 5.67400004] 
[6.46599968 3.34300017] 
[5.43499971 4.34499971] 
[5.85200017 5.95399945] 
[4.40000004 3.97000032] 
[2.73601    2.71600892] 
[4.04799995 4.62200006] 
[2.3399999  4.88100039] 
[7.00699843 3.5979984 ] 
[5.38599888 3.27900291] 
[2.7329996  4.52000005] 
[4.84300017 4.50099945] 
[7.01300003 6.64600003] 
[2.37699978 4.11500041] 
[3.28700012 4.17900008] 
[5.16300024 3.82800032] 
[5.16299951 2.53699992] 
[5.04099885 5.96399887] 
[2.96299907 2.91599906] 
[4.40100472 3.65400409] 
[4.7320002  4.91400017] 
[3.85300001 2.28800001] 
[6.23900026 2.92399991] 
[6.80200017 5.00399945] 
[5.80399958 5.02699983] 
[2.78899975 2.18499973] 
[5.49500027 2.72500031] 
[3.11800037 4.51199933] 
[2.35300043 2.20799988] 
[5.25599971 4.19299869] 
[3.14799986 4.78200011] 
[3.58800032 2.83200024] 
[4.83399994 4.07199941] 
[4.26099996 4.58400002] 
[3.05300031 3.59199997] 
[7.30000035 5.324     ] 
[4.85700045 3.27799991] 
[6.22400023 5.59299983] 
[4.29300004 2.75200032] 
[5.61399972 6.59899985] 
[3.12700045 2.32499991] 
[6.53499953 4.79799998] 
[4.68399954 2.32699996] 
[4.16399996 4.20100002] 
[5.0519998  4.48800021] 
[6.38500021 3.7080003 ] 
[4.95500017 5.19499945] 
[2.28999975 3.02499973] 
[4.09700045 2.73199991] 
[6.95400162 6.42999992] 
[5.48700011 2.16399986] 
[5.33599968 3.70800017] 
[2.91100032 3.85100024] 
[5.02499974 3.72500032] 
[4.69100002 6.77700004] 
[2.51899976 4.993     ] 
[6.35700035 4.12099981] 
[2.83799998 2.53599999] 
[5.87399995 4.85600006] 
[6.71399932 5.42300001] 
[5.17900039 2.99899988] 
[4.48999986 3.06399972] 
[2.51300007 3.57000011] 
[2.3479996  4.35000005] 
[6.10399932 5.92900001] 
[7.30199932 5.12400001] 
[7.10600032 4.66200024] 
[5.17700003 4.88900003] 
[5.92200023 4.68499983] 
[5.10700038 3.18799992] 
[4.62800002 4.41600004] 
[6.21500023 4.29299983] 
[6.14799947 5.20899947] 
[6.64300017 3.04200035] 
[6.69999971 4.25099971] 
[2.60300109 3.37599925] 
[7.23600664 4.73500597] 
[5.29400026 3.86599991] 
[3.0079999  4.24000039] 
168 
[5.16299951 2.53699992] 
[5.07700064 4.77799953] 
[2.37699978 4.11500041] 
[6.95400162 6.42999992] 
[6.46599968 3.34300017] 
[2.73601    2.71600892] 
[6.57500032 4.99600024] 
[5.35500009 6.16900051] 
[4.21800027 3.81400031] 
[3.85300001 2.28800001] 
[5.38599888 3.27900291] 
[4.1529998  5.00000021] 
[3.28700012 4.17900008] 
[6.84290291 2.16831691] 
[6.21500023 4.29299983] 
[5.17899952 3.97500045] 
[6.31099986 6.05800046] 
[4.67800017 3.16300035] 
[2.65500021 4.94000023] 
[7.34299997 3.02099979] 
[7.30199932 5.12400001] 
[2.75700007 2.40300011] 
[5.80399958 5.02699983] 
[2.28999975 3.02499973] 
[2.51300007 3.57000011] 
[5.64300026 2.15699991] 
[5.74799977 6.71100063] 
[4.29300004 2.75200032] 
[4.74799953 6.63699998] 
[6.10100021 2.6880003 ] 
[6.08099995 5.77600006] 
[4.62800002 4.41600004] 
[3.29900032 5.05599974] 
[2.91100032 3.85100024] 
[3.61700036 3.78399981] 
[3.20500032 2.51500024] 
[7.10600032 4.66200024] 
[6.71399932 5.42300001] 
[5.04099885 5.96399887] 
[4.26099996 4.58400002] 
[5.71399953 4.02699998] 
[5.33   4.5955] 
[6.83000021 3.4190003 ] 
[6.69999971 4.25099971] 
[4.7320002  4.91400017] 
[4.68399954 2.32699996] 
[4.13400064 3.25499953] 
[5.92200023 4.68499983] 
[5.03600058 4.34099964] 
[5.33599968 3.70800017] 
[2.9399996  4.72899992] 
[2.43200338 2.44800225] 
[3.58800032 2.83200024] 
[6.51000035 6.494     ] 
[6.54200002 2.94700004] 
[5.85200017 5.95399945] 
[2.60300028 3.37600047] 
[5.07699962 5.6820001 ] 
[4.04199996 4.33600002] 
[4.95500017 5.19499945] 
[6.90500022 6.18100032] 
[6.00400064 4.94199953] 
[5.23900442 3.15900665] 
[3.61599999 4.26199908] 
[3.09200004 4.33200032] 
[6.27800472 3.54800409] 
[5.49500027 2.72500031] 
[3.65100064 4.98599953] 
[4.05900029 2.5340013 ] 
[5.76600039 3.57199988] 
[4.07400032 2.18499996] 
[4.83399994 4.07199941] 
[2.88199989 3.15300051] 
[4.49799976 3.35599964] 
[6.30999971 4.70099971] 
[6.78800023 6.84399983] 
[5.55899964 6.27200016] 
[5.70299987 2.41700006] 
[6.22999885 5.08199887] 
[5.73499953 4.39199998] 
[5.45500023 4.88199983] 
[2.50000026 4.36599991] 
[5.71100002 5.67400004] 
[4.83600004 2.82000032] 
[3.32900043 3.68999988] 
[5.43499971 4.34499971] 
[5.25599971 4.19299869] 
[2.7329996  4.52000005] 
[5.61500021 3.1240003 ] 
[4.40000004 3.97000032] 
[4.48700417 5.08200465] 
[5.16200004 3.64400032] 
[2.3399999  4.88100039] 
[3.05300031 3.59199997] 
[7.00099971 5.39599971] 
[2.35300043 2.20799988] 
[6.25000442 6.30100665] 
[3.14799986 4.78200011] 
[6.35700035 4.12099981] 
[2.33400003 2.82400007] 
[6.22400023 5.59299983] 
[5.61000002 5.90700004] 
[4.48999986 3.06399972] 
[4.77100002 3.81100004] 
[7.35400032 4.68400024] 
[2.96299907 2.91599906] 
[7.00699843 3.5979984 ] 
[4.40100472 3.65400409] 
[5.31600005 2.52600006] 
[6.80200017 5.00399945] 
[3.95799957 4.86700019] 
[2.68500045 2.95599991] 
[5.29400026 3.86599991] 
[4.84300017 4.50099945] 
[2.78899975 2.18499973] 
[3.11800037 4.51199933] 
[4.85700045 3.27799991] 
[3.55500043 2.61899988] 
[6.23900026 2.92399991] 
[4.09700045 2.73199991] 
[7.01300003 6.64600003] 
[4.04799995 4.62200006] 
[2.55999983 2.24600074] 
[6.69999885 6.20099887] 
[4.55300004 2.49800032] 
[5.09900064 5.05200046] 
[6.53499953 4.79799998] 
[7.30000035 5.324     ] 
[6.38500021 3.7080003 ] 
[2.29899984 3.95700008] 
[5.25800002 5.91100004] 
[5.61399972 6.59899985] 
[7.14400023 5.14799983] 
[4.47300017 4.60000027] 
[4.41800472 2.91400409] 
[4.16399996 4.20100002] 
[6.75400442 5.58600665] 
[2.50099975 3.22500012] 
[2.90499986 4.02300011] 
[3.12700045 2.32499991] 
[7.172      6.49500018] 
[2.3479996  4.35000005] 
[4.67800013 4.27900019] 
[2.44899975 3.71600012] 
[5.17900039 2.99899988] 
[6.95399999 4.64700019] 
[5.48700011 2.16399986] 
[6.10399932 5.92900001] 
[6.07199996 4.34900002] 
[6.48799971 4.22100023] 
[2.83799998 2.53599999] 
[5.17700003 4.88900003] 
[5.87399995 4.85600006] 
[6.14799947 5.20899947] 
[5.02499974 3.72500032] 
[4.69100002 6.77700004] 
[2.51899976 4.993     ] 
[6.05999932 4.65900001] 
[5.0519998  4.48800021] 
[6.64300017 3.04200035] 
[7.23600664 4.73500597] 
[5.10700038 3.18799992] 
[5.16300024 3.82800032] 
[4.83600442 4.99600665] 
[6.82500035 4.198     ] 
[5.20700013 4.45800019] 
[3.0079999  4.24000039] 
[4.25100018 4.93899996] 
169 
[4.62800002 4.41600004] 
[6.95399999 4.64700019] 
[2.78899975 2.18499973] 
[5.55899964 6.27200016] 
[5.61500021 3.1240003 ] 
[2.50000026 4.36599991] 
[4.05900029 2.5340013 ] 
[6.90500022 6.18100032] 
[7.34299997 3.02099979] 
[5.33   4.5955] 
[2.61799984 3.45600008] 
[3.28700012 4.17900008] 
[6.05999932 4.65900001] 
[4.40100472 3.65400409] 
[6.64300017 3.04200035] 
[5.70299987 2.41700006] 
[4.48700417 5.08200465] 
[5.16300024 3.82800032] 
[6.84290291 2.16831691] 
[6.71399932 5.42300001] 
[5.04099885 5.96399887] 
[6.25000442 6.30100665] 
[2.9399996  4.72899992] 
[4.83600004 2.82000032] 
[2.73601    2.71600892] 
[4.74799953 6.63699998] 
[7.01300003 6.64600003] 
[6.38500021 3.7080003 ] 
[5.71100002 5.67400004] 
[3.95799957 4.86700019] 
[6.48799971 4.22100023] 
[7.30199932 5.12400001] 
[3.55200045 3.72500034] 
[4.48999986 3.06399972] 
[6.57500032 4.99600024] 
[5.03600058 4.34099964] 
[3.20500032 2.51500024] 
[6.14799947 5.20899947] 
[4.16399996 4.20100002] 
[5.17700003 4.88900003] 
[2.65500021 4.94000023] 
[2.28999975 3.02499973] 
[7.00699843 3.5979984 ] 
[5.74799977 6.71100063] 
[2.90499986 4.02300011] 
[6.23900026 2.92399991] 
[5.71399953 4.02699998] 
[5.17900039 2.99899988] 
[6.08099995 5.77600006] 
[3.85300001 2.28800001] 
[4.68399954 2.32699996] 
[5.16299951 2.53699992] 
[2.35300043 2.20799988] 
[3.61599999 4.26199908] 
[3.55500043 2.61899988] 
[5.80399958 5.02699983] 
[2.88199989 3.15300051] 
[5.76600039 3.57199988] 
[3.65100064 4.98599953] 
[4.7320002  4.91400017] 
[7.23600664 4.73500597] 
[3.05300031 3.59199997] 
[5.07699962 5.6820001 ] 
[2.29899984 3.95700008] 
[6.95400162 6.42999992] 
[4.26099996 4.58400002] 
[3.11800037 4.51199933] 
[3.29900032 5.05599974] 
[4.77100002 3.81100004] 
[4.85700045 3.27799991] 
[4.13400064 3.25499953] 
[6.46599968 3.34300017] 
[4.25099809 4.93900108] 
[5.25599971 4.19299869] 
[5.31600005 2.52600006] 
[2.43200338 2.44800225] 
[6.31099986 6.05800046] 
[5.73499953 4.39199998] 
[3.09200004 4.33200032] 
[5.35500009 6.16900051] 
[6.07199996 4.34900002] 
[5.38599888 3.27900291] 
[6.51000035 6.494     ] 
[6.82500035 4.198     ] 
[4.95500017 5.19499945] 
[2.3399999  4.88100039] 
[4.21800027 3.81400031] 
[4.83399994 4.07199941] 
[6.78800023 6.84399983] 
[6.10100021 2.6880003 ] 
[4.07400032 2.18499996] 
[4.49799976 3.35599964] 
[5.85200017 5.95399945] 
[2.44899975 3.71600012] 
[2.33400003 2.82400007] 
[7.00099971 5.39599971] 
[5.64300026 2.15699991] 
[6.83000021 3.4190003 ] 
[2.83799998 2.53599999] 
[2.7329996  4.52000005] 
[2.50099975 3.22500012] 
[5.61000002 5.90700004] 
[5.45500023 4.88199983] 
[6.00400064 4.94199953] 
[5.43499971 4.34499971] 
[6.80200017 5.00399945] 
[2.37699978 4.11500041] 
[4.40000004 3.97000032] 
[2.68500045 2.95599991] 
[6.30999971 4.70099971] 
[4.09700045 2.73199991] 
[5.0519998  4.48800021] 
[2.96299907 2.91599906] 
[3.58800032 2.83200024] 
[5.23900442 3.15900665] 
[3.14799986 4.78200011] 
[6.22400023 5.59299983] 
[5.25800002 5.91100004] 
[4.47300017 4.60000027] 
[2.55999983 2.24600074] 
[4.04799995 4.62200006] 
[3.72100007 3.84200011] 
[4.55300004 2.49800032] 
[3.32900043 3.68999988] 
[4.67800017 3.16300035] 
[5.16200004 3.64400032] 
[7.30000035 5.324     ] 
[6.53499953 4.79799998] 
[4.84300017 4.50099945] 
[5.49500027 2.72500031] 
[5.17899952 3.97500045] 
[3.12700045 2.32499991] 
[5.02499974 3.72500032] 
[5.20700013 4.45800019] 
[6.27800472 3.54800409] 
[6.69999885 6.20099887] 
[5.09900064 5.05200046] 
[6.75400442 5.58600665] 
[4.04199996 4.33600002] 
[7.14400023 5.14799983] 
[5.29400026 3.86599991] 
[4.29300004 2.75200032] 
[5.61399972 6.59899985] 
[5.87399995 4.85600006] 
[2.91100032 3.85100024] 
[5.33599968 3.70800017] 
[4.41800472 2.91400409] 
[7.172      6.49500018] 
[4.69100002 6.77700004] 
[6.35700035 4.12099981] 
[5.48700011 2.16399986] 
[2.3479996  4.35000005] 
[2.75700007 2.40300011] 
[6.22999885 5.08199887] 
[2.51300007 3.57000011] 
[6.10399932 5.92900001] 
[4.67800013 4.27900019] 
[5.07700064 4.77799953] 
[4.83600442 4.99600665] 
[7.10600032 4.66200024] 
[2.51899976 4.993     ] 
[6.21500023 4.29299983] 
[6.69999971 4.25099971] 
[5.92200023 4.68499983] 
[5.10700038 3.18799992] 
[7.35400032 4.68400024] 
[6.54200002 2.94700004] 
[2.60300109 3.37599925] 
[3.0079999  4.24000039] 
170 
[6.57500032 4.99600024] 
[4.09700045 2.73199991] 
[4.26099996 4.58400002] 
[6.23900026 2.92399991] 
[5.55899964 6.27200016] 
[3.0079999  4.24000039] 
[2.55999983 2.24600074] 
[5.03600058 4.34099964] 
[7.01300003 6.64600003] 
[2.37699978 4.11500041] 
[5.70299987 2.41700006] 
[4.85700045 3.27799991] 
[6.35700035 4.12099981] 
[2.88199989 3.15300051] 
[6.31099986 6.05800046] 
[4.95500017 5.19499945] 
[3.55200048 3.72499986] 
[6.84290291 2.16831691] 
[7.10600032 4.66200024] 
[2.3399999  4.88100039] 
[6.00400064 4.94199953] 
[4.40100472 3.65400409] 
[7.34299997 3.02099979] 
[5.76600039 3.57199988] 
[4.69100002 6.77700004] 
[3.65100064 4.98599953] 
[5.16300024 3.82800032] 
[5.07699962 5.6820001 ] 
[2.94000032 4.72899974] 
[3.85300001 2.28800001] 
[2.51300007 3.57000011] 
[7.30199932 5.12400001] 
[6.83000021 3.4190003 ] 
[2.33400003 2.82400007] 
[3.12700045 2.32499991] 
[5.16299951 2.53699992] 
[7.00099971 5.39599971] 
[5.45500023 4.88199983] 
[6.08099995 5.77600006] 
[5.43499971 4.34499971] 
[6.86599932 6.28200001] 
[4.55300004 2.49800032] 
[4.7320002  4.91400017] 
[4.67800013 4.27900019] 
[5.17900039 2.99899988] 
[6.27800472 3.54800409] 
[5.74799977 6.71100063] 
[3.55500043 2.61899988] 
[4.25099809 4.93900108] 
[3.61599999 4.26199908] 
[4.13400064 3.25499953] 
[6.64300017 3.04200035] 
[2.90499986 4.02300011] 
[6.82499945 4.19799982] 
[5.71100002 5.67400004] 
[6.05999932 4.65900001] 
[5.61500021 3.1240003 ] 
[5.07700064 4.77799953] 
[4.16399996 4.20100002] 
[2.60300028 3.37600047] 
[4.48999986 3.06399972] 
[6.22999885 5.08199887] 
[3.05300031 3.59199997] 
[3.11800037 4.51199933] 
[2.83799998 2.53599999] 
[5.38599888 3.27900291] 
[6.51000035 6.494     ] 
[5.31600005 2.52600006] 
[4.77100002 3.81100004] 
[5.35500009 6.16900051] 
[5.73499953 4.39199998] 
[5.04099885 5.96399887] 
[2.43200338 2.44800225] 
[4.83600004 2.82000032] 
[6.71399932 5.42300001] 
[4.40000004 3.97000032] 
[7.172      6.49500018] 
[3.29900032 5.05599974] 
[5.37499982 4.63700008] 
[6.07199996 4.34900002] 
[4.07400032 2.18499996] 
[5.71399953 4.02699998] 
[6.46599968 3.34300017] 
[2.50000026 4.36599991] 
[4.48700417 5.08200465] 
[5.64300026 2.15699991] 
[5.85200017 5.95399945] 
[2.7329996  4.52000005] 
[2.51899976 4.993     ] 
[6.10100021 2.6880003 ] 
[6.78800023 6.84399983] 
[4.49799976 3.35599964] 
[7.35400018 4.68399978] 
[7.00699843 3.5979984 ] 
[3.28700012 4.17900008] 
[4.83399994 4.07199941] 
[5.0519998  4.48800021] 
[5.61000002 5.90700004] 
[4.04799995 4.62200006] 
[6.30999971 4.70099971] 
[2.68500045 2.95599991] 
[3.14799986 4.78200011] 
[4.21800027 3.81400031] 
[5.25599971 4.19299869] 
[2.96299907 2.91599906] 
[6.80200017 5.00399945] 
[4.05900029 2.5340013 ] 
[3.95799957 4.86700019] 
[3.58800032 2.83200024] 
[2.78899975 2.18499973] 
[3.32900043 3.68999988] 
[6.22400023 5.59299983] 
[5.25800002 5.91100004] 
[4.68399954 2.32699996] 
[5.80399958 5.02699983] 
[3.20500032 2.51500024] 
[5.16200004 3.64400032] 
[5.23900442 3.15900665] 
[6.53499953 4.79799998] 
[5.09900064 5.05200046] 
[2.91100032 3.85100024] 
[4.84300017 4.50099945] 
[6.69999885 6.20099887] 
[4.67800017 3.16300035] 
[4.04199996 4.33600002] 
[4.47300017 4.60000027] 
[5.17899952 3.97500045] 
[4.83600442 4.99600665] 
[3.61699983 3.78400074] 
[2.73601    2.71600892] 
[2.28999975 3.02499973] 
[4.29300004 2.75200032] 
[2.50099975 3.22500012] 
[4.41800472 2.91400409] 
[7.30000035 5.324     ] 
[5.28499982 4.55400008] 
[5.33599968 3.70800017] 
[6.38500021 3.7080003 ] 
[6.95400162 6.42999992] 
[2.35300043 2.20799988] 
[2.29899984 3.95700008] 
[6.25000442 6.30100665] 
[5.02499974 3.72500032] 
[5.61399972 6.59899985] 
[5.49500027 2.72500031] 
[7.14400023 5.14799983] 
[6.21500023 4.29299983] 
[6.48799971 4.22100023] 
[2.44899975 3.71600012] 
[6.75400442 5.58600665] 
[5.87399995 4.85600006] 
[6.10399932 5.92900001] 
[6.14799947 5.20899947] 
[2.3479996  4.35000005] 
[6.95399999 4.64700019] 
[5.48700011 2.16399986] 
[4.74799953 6.63699998] 
[2.75700007 2.40300011] 
[2.65500021 4.94000023] 
[5.17700003 4.88900003] 
[5.10700038 3.18799992] 
[6.54200002 2.94700004] 
[5.92200023 4.68499983] 
[4.62800002 4.41600004] 
[6.90499982 6.18100008] 
[3.09200004 4.33200032] 
[5.29400026 3.86599991] 
[5.20700013 4.45800019] 
[2.82999998 4.72899999] 
[3.72100007 3.84200011] 
171 
[6.95400162 6.42999992] 
[4.41800472 2.91400409] 
[5.17899952 3.97500045] 
[2.65500021 4.94000023] 
[6.82500035 4.198     ] 
[2.88199989 3.15300051] 
[5.07699962 5.6820001 ] 
[7.32399962 2.91299983] 
[5.61500021 3.1240003 ] 
[6.80200017 5.00399945] 
[3.28700012 4.17900008] 
[4.7320002  4.91400017] 
[3.20500032 2.51500024] 
[6.08099995 5.77600006] 
[5.87399995 4.85600006] 
[3.95799957 4.86700019] 
[5.70299987 2.41700006] 
[2.37699978 4.11500041] 
[5.35500009 6.16900051] 
[2.33400003 2.82400007] 
[6.64300017 3.04200035] 
[4.21800027 3.81400031] 
[5.20700013 4.45800019] 
[6.90700033 2.10299982] 
[4.55300004 2.49800032] 
[4.69100002 6.77700004] 
[2.55999983 2.24600074] 
[5.31600005 2.52600006] 
[5.74799977 6.71100063] 
[4.05900029 2.5340013 ] 
[3.61700036 3.78399981] 
[6.38500021 3.7080003 ] 
[7.30000035 5.324     ] 
[6.25000442 6.30100665] 
[4.85700045 3.27799991] 
[6.21500023 4.29299983] 
[6.95399999 4.64700019] 
[2.51300007 3.57000011] 
[4.62800002 4.41600004] 
[3.29900032 5.05599974] 
[5.76600039 3.57199988] 
[2.91100032 3.85100024] 
[6.75400442 5.58600665] 
[7.00699843 3.5979984 ] 
[3.85300001 2.28800001] 
[5.23900442 3.15900665] 
[6.10100021 2.6880003 ] 
[5.09900064 5.05200046] 
[5.17700003 4.88900003] 
[4.04199996 4.33600002] 
[2.73601    2.71600892] 
[6.14799947 5.20899947] 
[5.73499953 4.39199998] 
[3.11800037 4.51199933] 
[6.53499953 4.79799998] 
[3.55500043 2.61899988] 
[2.7329996  4.52000005] 
[5.71100002 5.67400004] 
[3.14799986 4.78200011] 
[4.77100002 3.81100004] 
[4.49799976 3.35599964] 
[6.78800023 6.84399983] 
[6.90500022 6.18100032] 
[5.64300026 2.15699991] 
[5.25599971 4.19299869] 
[5.02499974 3.72500032] 
[5.16299951 2.53699992] 
[3.61599999 4.26199908] 
[2.50099975 3.22500012] 
[4.07400032 2.18499996] 
[4.83600004 2.82000032] 
[4.25100018 4.93899996] 
[5.71399953 4.02699998] 
[7.23600664 4.73500597] 
[4.26099996 4.58400002] 
[5.33599968 3.70800017] 
[4.13400064 3.25499953] 
[6.48799971 4.22100023] 
[5.85200017 5.95399945] 
[5.04099885 5.96399887] 
[2.78899975 2.18499973] 
[2.3399999  4.88100039] 
[2.60300028 3.37600047] 
[6.46599968 3.34300017] 
[2.43200338 2.44800225] 
[5.55899964 6.27200016] 
[2.3479996  4.35000005] 
[6.51000035 6.494     ] 
[4.48700417 5.08200465] 
[7.00099971 5.39599971] 
[3.32900043 3.68999988] 
[6.30999971 4.70099971] 
[3.05300031 3.59199997] 
[3.09200004 4.33200032] 
[3.65100064 4.98599953] 
[6.23900026 2.92399991] 
[7.172      6.49500018] 
[6.83000021 3.4190003 ] 
[5.45500023 4.88199983] 
[6.31099986 6.05800046] 
[5.03600058 4.34099964] 
[7.14400023 5.14799983] 
[5.92200023 4.68499983] 
[5.37499982 4.63700008] 
[5.61000002 5.90700004] 
[5.38599888 3.27900291] 
[2.83799998 2.53599999] 
[2.68500045 2.95599991] 
[4.40100472 3.65400409] 
[2.9399996  4.72899992] 
[4.83399994 4.07199941] 
[6.27800472 3.54800409] 
[5.25800002 5.91100004] 
[4.40000004 3.97000032] 
[2.96299907 2.91599906] 
[4.47300017 4.60000027] 
[4.04799995 4.62200006] 
[4.68399954 2.32699996] 
[4.67800017 3.16300035] 
[6.22400023 5.59299983] 
[3.58800032 2.83200024] 
[7.01300003 6.64600003] 
[2.35300043 2.20799988] 
[4.84300017 4.50099945] 
[5.43499971 4.34499971] 
[2.29899984 3.95700008] 
[4.29300004 2.75200032] 
[2.28999975 3.02499973] 
[4.95500017 5.19499945] 
[5.29400026 3.86599991] 
[6.69999885 6.20099887] 
[4.16399996 4.20100002] 
[6.57500032 4.99600024] 
[3.12700045 2.32499991] 
[5.80399958 5.02699983] 
[2.90499986 4.02300011] 
[5.61399972 6.59899985] 
[4.09700045 2.73199991] 
[6.71399932 5.42300001] 
[7.30199932 5.12400001] 
[6.35700035 4.12099981] 
[2.44899975 3.71600012] 
[6.10399932 5.92900001] 
[5.49500027 2.72500031] 
[5.0519998  4.48800021] 
[5.16200004 3.64400032] 
[2.75700007 2.40300011] 
[6.07199996 4.34900002] 
[4.48999986 3.06399972] 
[5.48700011 2.16399986] 
[4.74799953 6.63699998] 
[5.17900039 2.99899988] 
[6.22999885 5.08199887] 
[5.07700064 4.77799953] 
[3.0079999  4.24000039] 
[6.00400064 4.94199953] 
[7.10600032 4.66200024] 
[6.83297695 2.19796314] 
[2.50000026 4.36599991] 
[6.69999971 4.25099971] 
[4.67800013 4.27900019] 
[6.54200002 2.94700004] 
[5.10700038 3.18799992] 
[2.51899976 4.993     ] 
[6.05999932 4.65900001] 
[7.34300039 3.0209999 ] 
[4.83600442 4.99600665] 
[5.16300024 3.82800032] 
[7.35400032 4.68400024] 
[4.1529998  5.00000021] 
[5.28499982 4.55400008] 
172 
[5.48700011 2.16399986] 
[4.16399996 4.20100002] 
[6.90500022 6.18100032] 
[2.43200338 2.44800225] 
[6.30999971 4.70099971] 
[2.37699978 4.11500041] 
[5.61399972 6.59899985] 
[5.43499971 4.34499971] 
[2.7329996  4.52000005] 
[4.09700045 2.73199991] 
[7.32399962 2.91299983] 
[5.38599888 3.27900291] 
[5.25800002 5.91100004] 
[6.95399999 4.64700019] 
[3.05300031 3.59199997] 
[6.54200002 2.94700004] 
[4.48700417 5.08200465] 
[6.08099995 5.77600006] 
[4.74799953 6.63699998] 
[7.00099971 5.39599971] 
[5.29400026 3.86599991] 
[6.83297695 2.19796314] 
[4.67800017 3.16300035] 
[2.60300028 3.37600047] 
[3.11800037 4.51199933] 
[5.17700003 4.88900003] 
[7.00699843 3.5979984 ] 
[5.16300027 2.53700031] 
[3.65100064 4.98599953] 
[2.83799998 2.53599999] 
[3.85300001 2.28800001] 
[5.0519998  4.48800021] 
[6.35700035 4.12099981] 
[3.61700036 3.78399981] 
[7.01300003 6.64600003] 
[4.77100002 3.81100004] 
[5.80399958 5.02699983] 
[2.65500021 4.94000023] 
[6.69999971 4.25099971] 
[6.25000442 6.30100665] 
[4.26099996 4.58400002] 
[3.55500043 2.61899988] 
[4.68399954 2.32699996] 
[2.28999975 3.02499973] 
[6.46599968 3.34300017] 
[2.96299907 2.91599906] 
[4.62800002 4.41600004] 
[3.61599999 4.26199908] 
[6.80200017 5.00399945] 
[4.40100472 3.65400409] 
[6.22999885 5.08199887] 
[6.23900026 2.92399991] 
[4.1529998  5.00000021] 
[7.35400018 4.68399978] 
[7.30000035 5.324     ] 
[4.13400064 3.25499953] 
[5.76600039 3.57199988] 
[4.7320002  4.91400017] 
[2.90499986 4.02300011] 
[5.55899964 6.27200016] 
[5.85200017 5.95399945] 
[5.16200004 3.64400032] 
[5.07699962 5.6820001 ] 
[5.71399953 4.02699998] 
[6.38500021 3.7080003 ] 
[5.92200023 4.68499983] 
[2.55999983 2.24600074] 
[5.37499982 4.63700008] 
[5.49500027 2.72500031] 
[7.172      6.49500018] 
[6.07199996 4.34900002] 
[6.71399932 5.42300001] 
[4.41800472 2.91400409] 
[4.83600004 2.82000032] 
[3.20500032 2.51500024] 
[5.70300024 2.41700032] 
[5.17900039 2.99899988] 
[2.9399996  4.72899992] 
[2.44899975 3.71600012] 
[3.29900032 5.05599974] 
[5.25599971 4.19299869] 
[3.28700012 4.17900008] 
[4.07400032 2.18499996] 
[5.35500009 6.16900051] 
[4.40000004 3.97000032] 
[4.83600442 4.99600665] 
[2.50000026 4.36599991] 
[5.71100002 5.67400004] 
[6.51000035 6.494     ] 
[6.31099986 6.05800046] 
[5.73499953 4.39199998] 
[5.61500021 3.1240003 ] 
[2.3399999  4.88100039] 
[4.21800027 3.81400031] 
[6.78800023 6.84399983] 
[6.10100021 2.6880003 ] 
[7.14400023 5.14799983] 
[3.14799986 4.78200011] 
[4.05900029 2.5340013 ] 
[5.61000002 5.90700004] 
[3.32900043 3.68999988] 
[3.09200004 4.33200032] 
[2.68500045 2.95599991] 
[6.53499953 4.79799998] 
[2.33400003 2.82400007] 
[6.83000021 3.4190003 ] 
[5.45500023 4.88199983] 
[4.83399994 4.07199941] 
[5.74799977 6.71100063] 
[5.04099885 5.96399887] 
[2.78899975 2.18499973] 
[3.95799957 4.86700019] 
[4.47300017 4.60000027] 
[4.49799976 3.35599964] 
[5.31600005 2.52600006] 
[5.09900064 5.05200046] 
[6.00400064 4.94199953] 
[5.23900442 3.15900665] 
[4.55300004 2.49800032] 
[6.22400023 5.59299983] 
[2.88199989 3.15300051] 
[6.95400162 6.42999992] 
[5.03600058 4.34099964] 
[5.17899952 3.97500045] 
[2.35300043 2.20799988] 
[4.04799995 4.62200006] 
[3.58800032 2.83200024] 
[3.12700045 2.32499991] 
[4.04199996 4.33600002] 
[4.84300017 4.50099945] 
[6.75400442 5.58600665] 
[2.91100032 3.85100024] 
[6.27800472 3.54800409] 
[2.50099975 3.22500012] 
[2.73601    2.71600892] 
[6.69999885 6.20099887] 
[4.95500017 5.19499945] 
[4.48999986 3.06399972] 
[5.64300026 2.15699991] 
[6.57500032 4.99600024] 
[4.85700045 3.27799991] 
[2.29899984 3.95700008] 
[4.29300004 2.75200032] 
[2.51300007 3.57000011] 
[5.02499974 3.72500032] 
[6.48799971 4.22100023] 
[5.33599968 3.70800017] 
[7.30199932 5.12400001] 
[2.75700007 2.40300011] 
[5.28499982 4.55400008] 
[6.64300017 3.04200035] 
[6.10399932 5.92900001] 
[5.87399995 4.85600006] 
[6.21500023 4.29299983] 
[6.14799947 5.20899947] 
[7.10600032 4.66200024] 
[4.69100002 6.77700004] 
[4.67800013 4.27900019] 
[2.3479996  4.35000005] 
[5.10700038 3.18799992] 
[6.82500035 4.198     ] 
[4.25100018 4.93899996] 
[7.34300039 3.0209999 ] 
[5.07700064 4.77799953] 
[2.51899976 4.993     ] 
[5.16300024 3.82800032] 
[5.15600011 2.64399986] 
[5.20700013 4.45800019] 
[5.60800039 2.36099988] 
[6.05999932 4.65900001] 
[3.0079999  4.24000039] 
[6.90700033 2.10299982] 
173 
[6.69999971 4.25099971] 
[4.13400064 3.25499953] 
[4.04799995 4.62200006] 
[6.31099986 6.05800046] 
[2.50099975 3.22500012] 
[5.16299951 2.53699992] 
[5.03600058 4.34099964] 
[2.50000026 4.36599991] 
[6.90700033 2.10299982] 
[5.25800002 5.91100004] 
[3.20500032 2.51500024] 
[5.71399953 4.02699998] 
[6.23900026 2.92399991] 
[3.72100007 3.84200011] 
[7.14400023 5.14799983] 
[6.78800023 6.84399983] 
[6.00400064 4.94199953] 
[4.07400032 2.18499996] 
[5.61399972 6.59899985] 
[2.43200338 2.44800225] 
[4.68699947 4.86199947] 
[4.85700045 3.27799991] 
[3.11800037 4.51199933] 
[6.95400162 6.42999992] 
[4.74799953 6.63699998] 
[5.48700011 2.16399986] 
[6.83000021 3.4190003 ] 
[5.16300024 3.82800032] 
[7.34299997 3.02099979] 
[5.23900442 3.15900665] 
[2.91100032 3.85100024] 
[4.09700045 2.73199991] 
[2.65500021 4.94000023] 
[6.71399932 5.42300001] 
[4.40000004 3.97000032] 
[6.08099995 5.77600006] 
[5.07700064 4.77799953] 
[7.10600032 4.66200024] 
[2.9399996  4.72899992] 
[6.53499953 4.79799998] 
[4.68399954 2.32699996] 
[2.44899975 3.71600012] 
[2.96299907 2.91599906] 
[4.67800013 4.27900019] 
[5.76600039 3.57199988] 
[6.21500023 4.29299983] 
[6.38500021 3.7080003 ] 
[3.29900032 5.05599974] 
[3.58800032 2.83200024] 
[2.83799998 2.53599999] 
[6.51000035 6.494     ] 
[5.37499982 4.63700008] 
[3.05300031 3.59199997] 
[5.61000002 5.90700004] 
[6.64300017 3.04200035] 
[4.25100018 4.93899996] 
[4.48999986 3.06399972] 
[3.61599999 4.26199908] 
[2.33400003 2.82400007] 
[4.16399996 4.20100002] 
[6.05999932 4.65900001] 
[5.70299987 2.41700006] 
[5.09900064 5.05200046] 
[5.35500009 6.16900051] 
[2.55999983 2.24600074] 
[5.73499953 4.39199998] 
[6.22999885 5.08199887] 
[2.37699978 4.11500041] 
[5.07699962 5.6820001 ] 
[4.83399994 4.07199941] 
[5.49500027 2.72500031] 
[5.25599971 4.19299869] 
[2.3399999  4.88100039] 
[5.38599888 3.27900291] 
[4.83600004 2.82000032] 
[6.69999885 6.20099887] 
[4.47300017 4.60000027] 
[6.46599968 3.34300017] 
[4.40100472 3.65400409] 
[6.80200017 5.00399945] 
[3.0079999  4.24000039] 
[2.7329996  4.52000005] 
[2.61799984 3.45600008] 
[3.65100064 4.98599953] 
[5.43499971 4.34499971] 
[2.68500045 2.95599991] 
[4.05900029 2.5340013 ] 
[3.55200045 3.72500034] 
[5.55899964 6.27200016] 
[4.77100002 3.81100004] 
[7.00699843 3.5979984 ] 
[6.35700035 4.12099981] 
[4.49799976 3.35599964] 
[5.61500021 3.1240003 ] 
[5.31600005 2.52600006] 
[3.95799957 4.86700019] 
[5.74799977 6.71100063] 
[7.00099971 5.39599971] 
[3.28700012 4.17900008] 
[4.48700417 5.08200465] 
[6.30999971 4.70099971] 
[7.23600664 4.73500597] 
[5.45500023 4.88199983] 
[6.90500022 6.18100032] 
[6.10100021 2.6880003 ] 
[5.71100002 5.67400004] 
[5.85200017 5.95399945] 
[6.25000442 6.30100665] 
[4.84300017 4.50099945] 
[6.22400023 5.59299983] 
[7.30000035 5.324     ] 
[2.88199989 3.15300051] 
[2.78899975 2.18499973] 
[4.21800027 3.81400031] 
[2.73601    2.71600892] 
[5.20700013 4.45800019] 
[5.80399958 5.02699983] 
[7.01300003 6.64600003] 
[3.55500043 2.61899988] 
[4.26099996 4.58400002] 
[3.32900043 3.68999988] 
[5.33599968 3.70800017] 
[5.04099885 5.96399887] 
[3.14799986 4.78200011] 
[3.12700045 2.32499991] 
[4.55300004 2.49800032] 
[3.85300001 2.28800001] 
[2.35300043 2.20799988] 
[4.67800017 3.16300035] 
[4.95500017 5.19499945] 
[4.73199996 4.91400002] 
[6.57500032 4.99600024] 
[4.29300004 2.75200032] 
[5.17900039 2.99899988] 
[5.02499974 3.72500032] 
[2.90499986 4.02300011] 
[2.29899984 3.95700008] 
[4.04199996 4.33600002] 
[6.75400442 5.58600665] 
[5.17899952 3.97500045] 
[2.28999975 3.02499973] 
[5.16200004 3.64400032] 
[2.75700007 2.40300011] 
[6.27800472 3.54800409] 
[4.41800472 2.91400409] 
[7.172      6.49500018] 
[6.48799971 4.22100023] 
[7.30199932 5.12400001] 
[5.87399995 4.85600006] 
[6.10399932 5.92900001] 
[6.83297695 2.19796314] 
[2.3479996  4.35000005] 
[6.07199996 4.34900002] 
[6.14799947 5.20899947] 
[2.51899976 4.993     ] 
[5.64300026 2.15699991] 
[2.51300007 3.57000011] 
[6.95399999 4.64700019] 
[5.17700003 4.88900003] 
[4.83600442 4.99600665] 
[4.62800002 4.41600004] 
[4.69100002 6.77700004] 
[5.0519998  4.48800021] 
[5.92200023 4.68499983] 
[5.29400026 3.86599991] 
[5.10700038 3.18799992] 
[2.60300109 3.37599925] 
[6.82500035 4.198     ] 
[6.54200002 2.94700004] 
[7.35400032 4.68400024] 
[4.1529998  5.00000021] 
[3.09200004 4.33200032] 
[5.28499982 4.55400008] 
174 
[4.77100002 3.81100004] 
[7.172      6.49500018] 
[2.29899984 3.95700008] 
[6.46599968 3.34300017] 
[5.80399958 5.02699983] 
[2.33400003 2.82400007] 
[5.10700038 3.18799992] 
[3.62299986 4.1580004 ] 
[5.04099885 5.96399887] 
[7.14400023 5.14799983] 
[4.07400032 2.18499996] 
[6.10399932 5.92900001] 
[4.48700417 5.08200465] 
[3.11800037 4.51199933] 
[6.38500021 3.7080003 ] 
[5.70300024 2.41700032] 
[6.90700033 2.10299982] 
[5.55899964 6.27200016] 
[2.75700007 2.40300011] 
[5.25599971 4.19299869] 
[4.05900029 2.5340013 ] 
[2.3399999  4.88100039] 
[6.53499953 4.79799998] 
[7.34299997 3.02099979] 
[2.88199989 3.15300051] 
[5.09900064 5.05200046] 
[4.48999986 3.06399972] 
[4.04799995 4.62200006] 
[5.71399953 4.02699998] 
[4.69100002 6.77700004] 
[7.10600032 4.66200024] 
[5.16299951 2.53699992] 
[6.35700035 4.12099981] 
[4.84300017 4.50099945] 
[2.51300007 3.57000011] 
[2.91100032 3.85100024] 
[2.94000032 4.72899974] 
[4.40000004 3.97000032] 
[6.78800023 6.84399983] 
[5.37499982 4.63700008] 
[3.20500032 2.51500024] 
[6.75400442 5.58600665] 
[6.69999885 6.20099887] 
[3.55200045 3.72500034] 
[6.83000021 3.4190003 ] 
[4.68399954 2.32699996] 
[6.10100021 2.6880003 ] 
[5.74799977 6.71100063] 
[5.71100002 5.67400004] 
[5.02499974 3.72500032] 
[3.65100064 4.98599953] 
[5.38599888 3.27900291] 
[6.00400064 4.94199953] 
[6.51000035 6.494     ] 
[2.3479996  4.35000005] 
[2.43200338 2.44800225] 
[6.31099986 6.05800046] 
[4.25100018 4.93899996] 
[5.76600039 3.57199988] 
[4.04199996 4.33600002] 
[3.58800032 2.83200024] 
[6.82500035 4.198     ] 
[4.7320002  4.91400017] 
[6.54200002 2.94700004] 
[5.64300026 2.15699991] 
[4.49799976 3.35599964] 
[2.50099975 3.22500012] 
[5.07699962 5.6820001 ] 
[4.47300017 4.60000027] 
[6.07199996 4.34900002] 
[5.35500009 6.16900051] 
[5.03600058 4.34099964] 
[4.13400064 3.25499953] 
[3.29900032 5.05599974] 
[6.05999932 4.65900001] 
[6.80200017 5.00399945] 
[5.31600005 2.52600006] 
[6.22400023 5.59299983] 
[5.43499971 4.34499971] 
[6.22999885 5.08199887] 
[2.7329996  4.52000005] 
[4.83600004 2.82000032] 
[4.40100472 3.65400409] 
[4.09700045 2.73199991] 
[2.73601    2.71600892] 
[4.62800002 4.41600004] 
[2.35300043 2.20799988] 
[5.33599968 3.70800017] 
[5.73499953 4.39199998] 
[3.0079999  4.24000039] 
[5.45500023 4.88199983] 
[6.23900026 2.92399991] 
[7.00099971 5.39599971] 
[3.32900043 3.68999988] 
[5.07700064 4.77799953] 
[2.65500021 4.94000023] 
[3.28700012 4.17900008] 
[3.05300031 3.59199997] 
[2.37699978 4.11500041] 
[2.60300028 3.37600047] 
[2.68500045 2.95599991] 
[4.83399994 4.07199941] 
[7.35400032 4.68400024] 
[5.61500021 3.1240003 ] 
[7.00699843 3.5979984 ] 
[3.85300001 2.28800001] 
[6.90500022 6.18100032] 
[3.95799957 4.86700019] 
[5.25800002 5.91100004] 
[5.17899952 3.97500045] 
[5.61000002 5.90700004] 
[5.85200017 5.95399945] 
[6.30999971 4.70099971] 
[4.21800027 3.81400031] 
[4.67800017 3.16300035] 
[2.96299907 2.91599906] 
[2.78899975 2.18499973] 
[2.55999983 2.24600074] 
[3.55500043 2.61899988] 
[7.30000035 5.324     ] 
[4.29300004 2.75200032] 
[4.85700045 3.27799991] 
[6.95400162 6.42999992] 
[3.14799986 4.78200011] 
[6.57500032 4.99600024] 
[7.01300003 6.64600003] 
[4.55300004 2.49800032] 
[4.16399996 4.20100002] 
[3.12700045 2.32499991] 
[6.27800472 3.54800409] 
[4.26099996 4.58400002] 
[5.20700013 4.45800019] 
[5.17900039 2.99899988] 
[2.28999975 3.02499973] 
[4.95500017 5.19499945] 
[5.16300024 3.82800032] 
[6.25000442 6.30100665] 
[6.48799971 4.22100023] 
[4.41800472 2.91400409] 
[5.49500027 2.72500031] 
[2.90499986 4.02300011] 
[2.50000026 4.36599991] 
[6.71399932 5.42300001] 
[6.08099995 5.77600006] 
[2.44899975 3.71600012] 
[5.61399972 6.59899985] 
[2.83799998 2.53599999] 
[6.21500023 4.29299983] 
[5.48700011 2.16399986] 
[6.83297695 2.19796314] 
[5.87399995 4.85600006] 
[6.14799947 5.20899947] 
[7.30199932 5.12400001] 
[5.0519998  4.48800021] 
[6.64300017 3.04200035] 
[5.16200004 3.64400032] 
[5.17700003 4.88900003] 
[4.74799953 6.63699998] 
[4.67800013 4.27900019] 
[2.51899976 4.993     ] 
[5.23900442 3.15900665] 
[5.29400026 3.86599991] 
[6.95399999 4.64700019] 
[5.92200023 4.68499983] 
[6.69999971 4.25099971] 
[5.28499982 4.55400008] 
[7.23600664 4.73500597] 
[2.82999998 4.72899999] 
[3.72100007 3.84200011] 
[3.09200004 4.33200032] 
[3.61599975 4.26199973] 
[4.83600442 4.99600665] 
[5.60800039 2.36099988] 
[4.1529998  5.00000021] 
175 
[6.54200002 2.94700004] 
[3.72100007 3.84200011] 
[6.14799947 5.20899947] 
[2.61799984 3.45600008] 
[5.03600058 4.34099964] 
[4.05900029 2.5340013 ] 
[6.51000035 6.494     ] 
[5.31600005 2.52600006] 
[2.9399996  4.72899992] 
[5.35500009 6.16900051] 
[6.53499953 4.79799998] 
[2.43200338 2.44800225] 
[5.02499974 3.72500032] 
[4.25100018 4.93899996] 
[7.23600664 4.73500597] 
[6.35700035 4.12099981] 
[6.83297695 2.19796314] 
[5.23900442 3.15900665] 
[7.01300003 6.64600003] 
[4.48999986 3.06399972] 
[5.17700003 4.88900003] 
[5.92200023 4.68499983] 
[4.74799953 6.63699998] 
[7.32399962 2.91299983] 
[6.75400442 5.58600665] 
[2.50000026 4.36599991] 
[3.0079999  4.24000039] 
[6.08099995 5.77600006] 
[5.76600039 3.57199988] 
[5.74799977 6.71100063] 
[5.07699962 5.6820001 ] 
[4.40100472 3.65400409] 
[2.33400003 2.82400007] 
[3.12700045 2.32499991] 
[4.04199996 4.33600002] 
[5.60800039 2.36099988] 
[3.55500043 2.61899988] 
[7.00699843 3.5979984 ] 
[7.30000035 5.324     ] 
[6.90500022 6.18100032] 
[2.96299907 2.91599906] 
[6.25000442 6.30100665] 
[4.7320002  4.91400017] 
[3.05300031 3.59199997] 
[4.68399954 2.32699996] 
[3.29900032 5.05599974] 
[6.82500035 4.198     ] 
[2.3399999  4.88100039] 
[4.67800013 4.27900019] 
[2.29899984 3.95700008] 
[6.27800472 3.54800409] 
[3.85300001 2.28800001] 
[5.28499982 4.55400008] 
[5.61000002 5.90700004] 
[6.07199996 4.34900002] 
[6.10100021 2.6880003 ] 
[4.26099996 4.58400002] 
[3.61599999 4.26199908] 
[2.75700007 2.40300011] 
[5.17899952 3.97500045] 
[4.67800017 3.16300035] 
[5.43499971 4.34499971] 
[5.61500021 3.1240003 ] 
[3.95799957 4.86700019] 
[6.95400162 6.42999992] 
[5.80399958 5.02699983] 
[3.11800037 4.51199933] 
[4.13400064 3.25499953] 
[5.55899964 6.27200016] 
[3.65100064 4.98599953] 
[4.07400032 2.18499996] 
[4.95500017 5.19499945] 
[5.71399953 4.02699998] 
[2.73601    2.71600892] 
[2.35300043 2.20799988] 
[5.25800002 5.91100004] 
[4.40000004 3.97000032] 
[4.83600004 2.82000032] 
[5.49500027 2.72500031] 
[5.73499953 4.39199998] 
[2.51899976 4.993     ] 
[4.77100002 3.81100004] 
[6.57500032 4.99600024] 
[4.29300004 2.75200032] 
[6.78800023 6.84399983] 
[6.23900026 2.92399991] 
[2.90499986 4.02300011] 
[5.33599968 3.70800017] 
[7.14400023 5.14799983] 
[7.00099971 5.39599971] 
[2.68500045 2.95599991] 
[6.31099986 6.05800046] 
[2.44899975 3.71600012] 
[4.48700417 5.08200465] 
[6.95399999 4.64700019] 
[3.28700012 4.17900008] 
[2.50099975 3.22500012] 
[3.14799986 4.78200011] 
[3.32900043 3.68999988] 
[5.38599888 3.27900291] 
[6.46599968 3.34300017] 
[4.83399994 4.07199941] 
[6.30999971 4.70099971] 
[5.64300026 2.15699991] 
[4.49799976 3.35599964] 
[5.25599971 4.19299869] 
[6.83000021 3.4190003 ] 
[5.45500023 4.88199983] 
[4.84300017 4.50099945] 
[3.55200045 3.72500034] 
[5.71100002 5.67400004] 
[6.22400023 5.59299983] 
[4.21800027 3.81400031] 
[6.00400064 4.94199953] 
[2.7329996  4.52000005] 
[2.37699978 4.11500041] 
[5.85200017 5.95399945] 
[5.15600011 2.64399986] 
[4.04799995 4.62200006] 
[5.04099885 5.96399887] 
[4.09700045 2.73199991] 
[6.80200017 5.00399945] 
[2.78899975 2.18499973] 
[4.85700045 3.27799991] 
[3.58800032 2.83200024] 
[2.28999975 3.02499973] 
[3.20500032 2.51500024] 
[4.55300004 2.49800032] 
[2.88199989 3.15300051] 
[4.47300017 4.60000027] 
[6.69999885 6.20099887] 
[2.55999983 2.24600074] 
[2.91100032 3.85100024] 
[5.61399972 6.59899985] 
[6.38500021 3.7080003 ] 
[5.16300024 3.82800032] 
[6.48799971 4.22100023] 
[5.16200004 3.64400032] 
[6.71399932 5.42300001] 
[5.17900039 2.99899988] 
[7.30199932 5.12400001] 
[5.09900064 5.05200046] 
[4.41800472 2.91400409] 
[2.51300007 3.57000011] 
[6.21500023 4.29299983] 
[4.16399996 4.20100002] 
[7.172      6.49500018] 
[7.10600032 4.66200024] 
[6.10399932 5.92900001] 
[2.83799998 2.53599999] 
[5.48700011 2.16399986] 
[2.3479996  4.35000005] 
[5.87399995 4.85600006] 
[5.07700064 4.77799953] 
[2.65500021 4.94000023] 
[5.0519998  4.48800021] 
[4.69100002 6.77700004] 
[6.22999885 5.08199887] 
[6.69999971 4.25099971] 
[5.20700013 4.45800019] 
[4.83600442 4.99600665] 
[4.62800002 4.41600004] 
[5.10700038 3.18799992] 
[6.05999932 4.65900001] 
[7.35400032 4.68400024] 
[6.64300017 3.04200035] 
[6.90700033 2.10299982] 
[5.29400026 3.86599991] 
[3.09200004 4.33200032] 
[5.70300024 2.41700032] 
[5.37499982 4.63700008] 
[4.1529998  5.00000021] 
[2.60300109 3.37599925] 
[5.16300027 2.53700031] 
[7.34300039 3.0209999 ] 
176 
[2.88199989 3.15300051] 
[5.37499982 4.63700008] 
[6.31099986 6.05800046] 
[6.38500021 3.7080003 ] 
[4.48999986 3.06399972] 
[3.11800037 4.51199933] 
[6.95399999 4.64700019] 
[6.54200002 2.94700004] 
[5.31600005 2.52600006] 
[4.04199996 4.33600002] 
[4.69100002 6.77700004] 
[5.35500009 6.16900051] 
[5.16200004 3.64400032] 
[2.43200338 2.44800225] 
[7.172      6.49500018] 
[4.05900029 2.5340013 ] 
[6.00400064 4.94199953] 
[2.29899984 3.95700008] 
[4.47300017 4.60000027] 
[6.83297695 2.19796314] 
[6.75400442 5.58600665] 
[6.48799971 4.22100023] 
[3.55200045 3.72500034] 
[4.7320002  4.91400017] 
[7.32399962 2.91299983] 
[2.51899976 4.993     ] 
[5.25599971 4.19299869] 
[5.10700038 3.18799992] 
[2.75700007 2.40300011] 
[2.91100032 3.85100024] 
[4.40000004 3.97000032] 
[4.1529998  5.00000021] 
[6.08099995 5.77600006] 
[5.74799977 6.71100063] 
[7.30000035 5.324     ] 
[2.60300028 3.37600047] 
[6.83000021 3.4190003 ] 
[2.28999975 3.02499973] 
[6.90499982 6.18100008] 
[6.57500032 4.99600024] 
[5.07699962 5.6820001 ] 
[5.64300026 2.15699991] 
[5.71399953 4.02699998] 
[5.0519998  4.48800021] 
[3.58800032 2.83200024] 
[3.65100064 4.98599953] 
[2.7329996  4.52000005] 
[4.07400032 2.18499996] 
[4.83600004 2.82000032] 
[3.20500032 2.51500024] 
[4.83399994 4.07199941] 
[3.61599999 4.26199908] 
[5.61500021 3.1240003 ] 
[4.55300004 2.49800032] 
[6.51000035 6.494     ] 
[5.71100002 5.67400004] 
[5.43499971 4.34499971] 
[2.50000026 4.36599991] 
[6.10100021 2.6880003 ] 
[5.38599888 3.27900291] 
[5.73499953 4.39199998] 
[4.95500017 5.19499945] 
[7.10600032 4.66200024] 
[4.29300004 2.75200032] 
[2.9399996  4.72899992] 
[5.76600039 3.57199988] 
[6.30999971 4.70099971] 
[6.46599968 3.34300017] 
[4.13400064 3.25499953] 
[6.78800023 6.84399983] 
[5.17700003 4.88900003] 
[6.21500023 4.29299983] 
[3.09200004 4.33200032] 
[3.29900032 5.05599974] 
[2.68500045 2.95599991] 
[6.14799947 5.20899947] 
[6.69999971 4.25099971] 
[6.05999932 4.65900001] 
[4.21800027 3.81400031] 
[7.00099971 5.39599971] 
[5.61000002 5.90700004] 
[3.32900043 3.68999988] 
[5.70300024 2.41700032] 
[5.16300027 2.53700031] 
[5.55899964 6.27200016] 
[2.55999983 2.24600074] 
[4.67800013 4.27900019] 
[2.51300007 3.57000011] 
[5.25800002 5.91100004] 
[4.04799995 4.62200006] 
[4.67800017 3.16300035] 
[4.77100002 3.81100004] 
[6.23900026 2.92399991] 
[2.33400003 2.82400007] 
[5.17899952 3.97500045] 
[4.48700417 5.08200465] 
[7.14400023 5.14799983] 
[7.35400032 4.68400024] 
[5.45500023 4.88199983] 
[6.9539998  6.43000021] 
[2.37699978 4.11500041] 
[4.49799976 3.35599964] 
[3.05300031 3.59199997] 
[6.25000442 6.30100665] 
[3.95799957 4.86700019] 
[3.28700012 4.17900008] 
[5.33599968 3.70800017] 
[6.22400023 5.59299983] 
[6.80200017 5.00399945] 
[2.96299907 2.91599906] 
[2.73601    2.71600892] 
[5.04099885 5.96399887] 
[4.26099996 4.58400002] 
[7.00699843 3.5979984 ] 
[5.80399958 5.02699983] 
[7.01300003 6.64600003] 
[3.55500043 2.61899988] 
[5.85200017 5.95399945] 
[4.84300017 4.50099945] 
[2.3399999  4.88100039] 
[3.14799986 4.78200011] 
[4.40100472 3.65400409] 
[4.85700045 3.27799991] 
[2.78899975 2.18499973] 
[6.69999885 6.20099887] 
[3.85300001 2.28800001] 
[5.49500027 2.72500031] 
[4.16399996 4.20100002] 
[3.12700045 2.32499991] 
[5.17900039 2.99899988] 
[2.35300043 2.20799988] 
[5.03600058 4.34099964] 
[5.29400026 3.86599991] 
[4.68399954 2.32699996] 
[4.09700045 2.73199991] 
[6.53499953 4.79799998] 
[2.90499986 4.02300011] 
[2.50099975 3.22500012] 
[6.27800472 3.54800409] 
[6.71399932 5.42300001] 
[5.09900064 5.05200046] 
[5.61399972 6.59899985] 
[5.87399995 4.85600006] 
[5.16300024 3.82800032] 
[4.41800472 2.91400409] 
[6.35700035 4.12099981] 
[7.30199932 5.12400001] 
[2.44899975 3.71600012] 
[5.20700013 4.45800019] 
[2.83799998 2.53599999] 
[5.02499974 3.72500032] 
[5.48700011 2.16399986] 
[6.07199996 4.34900002] 
[3.0079999  4.24000039] 
[6.10399932 5.92900001] 
[5.07700064 4.77799953] 
[2.65500021 4.94000023] 
[6.82500035 4.198     ] 
[4.74799953 6.63699998] 
[2.3479996  4.35000005] 
[5.28499982 4.55400008] 
[4.62800002 4.41600004] 
[5.92200023 4.68499983] 
[6.64300017 3.04200035] 
[6.22999885 5.08199887] 
[4.83600442 4.99600665] 
[3.72100007 3.84200011] 
[7.23600664 4.73500597] 
[5.23900442 3.15900665] 
[4.25100018 4.93899996] 
[5.15600011 2.64399986] 
[5.60800039 2.36099988] 
[6.90700033 2.10299982] 
[6.86599932 6.28200001] 
[7.34300039 3.0209999 ] 
[7.04800002 6.42300004] 
177 
[7.23600664 4.73500597] 
[4.40000004 3.97000032] 
[2.91100032 3.85100024] 
[6.25000442 6.30100665] 
[6.10100021 2.6880003 ] 
[2.83799998 2.53599999] 
[5.17700003 4.88900003] 
[4.67800017 3.16300035] 
[5.61399972 6.59899985] 
[2.82999998 4.72899999] 
[6.05999932 4.65900001] 
[6.83000021 3.4190003 ] 
[4.07400032 2.18499996] 
[5.23900442 3.15900665] 
[4.04199996 4.33600002] 
[4.77100002 3.81100004] 
[5.07699962 5.6820001 ] 
[6.9539998  6.43000021] 
[6.90700033 2.10299982] 
[5.31600005 2.52600006] 
[4.25100018 4.93899996] 
[6.71399932 5.42300001] 
[2.88199989 3.15300051] 
[5.43499971 4.34499971] 
[3.55200045 3.72500034] 
[2.50000026 4.36599991] 
[6.69999971 4.25099971] 
[2.43200338 2.44800225] 
[5.17899952 3.97500045] 
[7.32399962 2.91299983] 
[4.29300004 2.75200032] 
[4.69100002 6.77700004] 
[2.60300028 3.37600047] 
[6.10399932 5.92900001] 
[3.55500043 2.61899988] 
[6.27800472 3.54800409] 
[5.35500009 6.16900051] 
[4.83600442 4.99600665] 
[2.33400003 2.82400007] 
[4.67800013 4.27900019] 
[3.0079999  4.24000039] 
[3.65100064 4.98599953] 
[2.3399999  4.88100039] 
[6.00400064 4.94199953] 
[6.21500023 4.29299983] 
[7.30199932 5.12400001] 
[6.80200017 5.00399945] 
[5.64300026 2.15699991] 
[5.71100002 5.67400004] 
[2.29899984 3.95700008] 
[6.54200002 2.94700004] 
[5.20700013 4.45800019] 
[4.68399954 2.32699996] 
[6.78800023 6.84399983] 
[4.13400064 3.25499953] 
[5.04099885 5.96399887] 
[5.76600039 3.57199988] 
[4.04799995 4.62200006] 
[6.14799947 5.20899947] 
[2.78899975 2.18499973] 
[5.60800039 2.36099988] 
[3.61599999 4.26199908] 
[3.12700045 2.32499991] 
[6.90499982 6.18100008] 
[4.47300017 4.60000027] 
[5.71399953 4.02699998] 
[5.33599968 3.70800017] 
[3.05300031 3.59199997] 
[3.11800037 4.51199933] 
[2.65500021 4.94000023] 
[4.83600004 2.82000032] 
[6.22400023 5.59299983] 
[4.05900029 2.5340013 ] 
[6.53499953 4.79799998] 
[5.61500021 3.1240003 ] 
[5.16299951 2.53699992] 
[2.51300007 3.57000011] 
[3.29900032 5.05599974] 
[2.55999983 2.24600074] 
[6.51000035 6.494     ] 
[5.38599888 3.27900291] 
[4.21800027 3.81400031] 
[6.31099986 6.05800046] 
[7.00099971 5.39599971] 
[3.14799986 4.78200011] 
[6.95399999 4.64700019] 
[4.48700417 5.08200465] 
[6.35700035 4.12099981] 
[5.73499953 4.39199998] 
[5.53499971 6.36899971] 
[5.03600058 4.34099964] 
[3.32900043 3.68999988] 
[4.84300017 4.50099945] 
[7.172      6.49500018] 
[3.28700012 4.17900008] 
[5.16200004 3.64400032] 
[5.85200017 5.95399945] 
[4.83399994 4.07199941] 
[4.49799976 3.35599964] 
[4.48999986 3.06399972] 
[5.37499982 4.63700008] 
[6.46599968 3.34300017] 
[2.7329996  4.52000005] 
[7.00699843 3.5979984 ] 
[5.25599971 4.19299869] 
[6.23900026 2.92399991] 
[2.68500045 2.95599991] 
[5.45500023 4.88199983] 
[2.37699978 4.11500041] 
[4.95500017 5.19499945] 
[2.28999975 3.02499973] 
[3.85300001 2.28800001] 
[4.7320002  4.91400017] 
[2.96299907 2.91599906] 
[4.40100472 3.65400409] 
[3.95799957 4.86700019] 
[3.58800032 2.83200024] 
[4.26099996 4.58400002] 
[5.61000002 5.90700004] 
[6.30999971 4.70099971] 
[5.80399958 5.02699983] 
[2.35300043 2.20799988] 
[5.25800002 5.91100004] 
[5.09900064 5.05200046] 
[5.74799977 6.71100063] 
[2.73601    2.71600892] 
[6.38500021 3.7080003 ] 
[6.69999885 6.20099887] 
[7.30000035 5.324     ] 
[4.85700045 3.27799991] 
[4.55300004 2.49800032] 
[3.20500032 2.51500024] 
[7.01300003 6.64600003] 
[4.09700045 2.73199991] 
[5.49500027 2.72500031] 
[2.44899975 3.71600012] 
[4.16399996 4.20100002] 
[6.57500032 4.99600024] 
[7.14400023 5.14799983] 
[2.50099975 3.22500012] 
[5.48700011 2.16399986] 
[2.90499986 4.02300011] 
[4.41800472 2.91400409] 
[5.17900039 2.99899988] 
[5.16300024 3.82800032] 
[6.75400442 5.58600665] 
[6.22999885 5.08199887] 
[6.48799971 4.22100023] 
[5.87399995 4.85600006] 
[2.75700007 2.40300011] 
[6.07199996 4.34900002] 
[6.83297695 2.19796314] 
[2.51899976 4.993     ] 
[6.08099995 5.77600006] 
[7.10600032 4.66200024] 
[5.07700064 4.77799953] 
[5.02499974 3.72500032] 
[6.64300017 3.04200035] 
[2.3479996  4.35000005] 
[4.62800002 4.41600004] 
[5.0519998  4.48800021] 
[5.29400026 3.86599991] 
[4.74799953 6.63699998] 
[7.35400032 4.68400024] 
[5.10700038 3.18799992] 
[5.92200023 4.68499983] 
[6.82500035 4.198     ] 
[3.09200004 4.33200032] 
[3.72100007 3.84200011] 
[4.1529998  5.00000021] 
[7.34300039 3.0209999 ] 
[5.70300024 2.41700032] 
[2.94000032 4.72899974] 
[6.86599932 6.28200001] 
[5.28499982 4.55400008] 
[5.55900035 6.27199981] 
[7.04800002 6.42300004] 
178 
[2.43200338 2.44800225] 
[6.71399932 5.42300001] 
[4.67800013 4.27900019] 
[5.70300024 2.41700032] 
[2.7329996  4.52000005] 
[5.04099885 5.96399887] 
[4.05900029 2.5340013 ] 
[6.35700035 4.12099981] 
[7.32399962 2.91299983] 
[6.78800023 6.84399983] 
[5.23900442 3.15900665] 
[6.05999932 4.65900001] 
[4.04199996 4.33600002] 
[2.29899984 3.95700008] 
[5.17700003 4.88900003] 
[5.55900035 6.27199981] 
[2.96299907 2.91599906] 
[5.33599968 3.70800017] 
[7.14400023 5.14799983] 
[3.32900043 3.68999988] 
[4.21800027 3.81400031] 
[6.83297695 2.19796314] 
[6.08099995 5.77600006] 
[4.25100018 4.93899996] 
[6.54200002 2.94700004] 
[2.60300028 3.37600047] 
[5.20700013 4.45800019] 
[4.13400064 3.25499953] 
[4.69100002 6.77700004] 
[3.09200004 4.33200032] 
[6.69999885 6.20099887] 
[4.83600004 2.82000032] 
[2.83799998 2.53599999] 
[2.65500021 4.94000023] 
[3.14799986 4.78200011] 
[7.00699843 3.5979984 ] 
[5.74799977 6.71100063] 
[6.31099986 6.05800046] 
[6.53499953 4.79799998] 
[4.7320002  4.91400017] 
[5.31600005 2.52600006] 
[6.95400162 6.42999992] 
[3.61599999 4.26199908] 
[7.10600032 4.66200024] 
[6.00400064 4.94199953] 
[4.07400032 2.18499996] 
[4.49799976 3.35599964] 
[3.65100064 4.98599953] 
[2.33400003 2.82400007] 
[3.58800032 2.83200024] 
[5.17899952 3.97500045] 
[5.76600039 3.57199988] 
[2.91100032 3.85100024] 
[4.55300004 2.49800032] 
[6.82500035 4.198     ] 
[3.72100007 3.84200011] 
[4.67800017 3.16300035] 
[4.26099996 4.58400002] 
[4.41800472 2.91400409] 
[4.77100002 3.81100004] 
[5.71399953 4.02699998] 
[6.27800472 3.54800409] 
[5.71100002 5.67400004] 
[5.61500021 3.1240003 ] 
[5.48700011 2.16399986] 
[2.55999983 2.24600074] 
[6.10100021 2.6880003 ] 
[2.3479996  4.35000005] 
[3.12700045 2.32499991] 
[5.35500009 6.16900051] 
[6.14799947 5.20899947] 
[4.95500017 5.19499945] 
[5.38599888 3.27900291] 
[2.44899975 3.71600012] 
[5.73499953 4.39199998] 
[2.3399999  4.88100039] 
[5.07699962 5.6820001 ] 
[6.07199996 4.34900002] 
[6.51000035 6.494     ] 
[4.84300017 4.50099945] 
[4.48700417 5.08200465] 
[6.80200017 5.00399945] 
[3.29900032 5.05599974] 
[5.16200004 3.64400032] 
[5.15600011 2.64399986] 
[2.68500045 2.95599991] 
[5.85200017 5.95399945] 
[5.37499982 4.63700008] 
[3.05300031 3.59199997] 
[7.35400032 4.68400024] 
[5.43499971 4.34499971] 
[7.00099971 5.39599971] 
[5.03600058 4.34099964] 
[3.95799957 4.86700019] 
[6.46599968 3.34300017] 
[5.45500023 4.88199983] 
[6.83000021 3.4190003 ] 
[2.88199989 3.15300051] 
[2.78899975 2.18499973] 
[3.11800037 4.51199933] 
[2.37699978 4.11500041] 
[2.82999998 4.72899999] 
[6.23900026 2.92399991] 
[6.30999971 4.70099971] 
[4.40000004 3.97000032] 
[3.85300001 2.28800001] 
[7.01300003 6.64600003] 
[4.29300004 2.75200032] 
[6.86599932 6.28200001] 
[3.28700012 4.17900008] 
[4.83399994 4.07199941] 
[3.55500043 2.61899988] 
[5.80399958 5.02699983] 
[5.61000002 5.90700004] 
[4.68399954 2.32699996] 
[3.55200045 3.72500034] 
[6.22400023 5.59299983] 
[4.85700045 3.27799991] 
[2.73601    2.71600892] 
[4.40100472 3.65400409] 
[5.61399972 6.59899985] 
[4.04799995 4.62200006] 
[2.35300043 2.20799988] 
[7.30000035 5.324     ] 
[5.25800002 5.91100004] 
[3.20500032 2.51500024] 
[4.47300017 4.60000027] 
[5.49500027 2.72500031] 
[6.57500032 4.99600024] 
[2.28999975 3.02499973] 
[5.16300024 3.82800032] 
[5.22200894 4.10400735] 
[5.09900064 5.05200046] 
[4.09700045 2.73199991] 
[6.38500021 3.7080003 ] 
[2.50099975 3.22500012] 
[5.17900039 2.99899988] 
[6.10399932 5.92900001] 
[6.25000442 6.30100665] 
[4.16399996 4.20100002] 
[5.0519998  4.48800021] 
[5.87399995 4.85600006] 
[2.90499986 4.02300011] 
[5.02499974 3.72500032] 
[4.48999986 3.06399972] 
[2.51300007 3.57000011] 
[2.75700007 2.40300011] 
[6.75400442 5.58600665] 
[6.21500023 4.29299983] 
[2.50000026 4.36599991] 
[7.172      6.49500018] 
[6.48799971 4.22100023] 
[7.30199932 5.12400001] 
[5.64300026 2.15699991] 
[5.29400026 3.86599991] 
[6.95399999 4.64700019] 
[5.07700064 4.77799953] 
[6.22999885 5.08199887] 
[4.74799953 6.63699998] 
[5.92200023 4.68499983] 
[4.62800002 4.41600004] 
[2.51899976 4.993     ] 
[6.64300017 3.04200035] 
[6.69999971 4.25099971] 
[7.23600664 4.73500597] 
[4.83600442 4.99600665] 
[3.0079999  4.24000039] 
[2.94000032 4.72899974] 
[5.10700038 3.18799992] 
[5.60800039 2.36099988] 
[6.90700033 2.10299982] 
[6.90499982 6.18100008] 
[4.1529998  5.00000021] 
[5.28499982 4.55400008] 
[7.34300039 3.0209999 ] 
[5.16300027 2.53700031] 
[5.53499971 6.36899971] 
[5.25600013 4.19300019] 
179 
[5.55900035 6.27199981] 
[4.09700045 2.73199991] 
[4.04199996 4.33600002] 
[6.35700035 4.12099981] 
[2.44899975 3.71600012] 
[5.38599888 3.27900291] 
[6.71399932 5.42300001] 
[6.64300017 3.04200035] 
[5.03600058 4.34099964] 
[2.73601    2.71600892] 
[6.51000035 6.494     ] 
[2.51899976 4.993     ] 
[5.16300027 2.53700031] 
[3.11800037 4.51199933] 
[5.73499953 4.39199998] 
[4.7320002  4.91400017] 
[7.35400032 4.68400024] 
[6.83297695 2.19796314] 
[3.55200045 3.72500034] 
[4.40100472 3.65400409] 
[6.95400162 6.42999992] 
[6.00400064 4.94199953] 
[4.74799953 6.63699998] 
[5.61000002 5.90700004] 
[3.20500032 2.51500024] 
[3.95799957 4.86700019] 
[5.17899952 3.97500045] 
[2.3479996  4.35000005] 
[4.67800017 3.16300035] 
[6.08099995 5.77600006] 
[7.32399962 2.91299983] 
[7.14400023 5.14799983] 
[2.55999983 2.24600074] 
[3.85300001 2.28800001] 
[5.04099885 5.96399887] 
[5.17700003 4.88900003] 
[2.50099975 3.22500012] 
[5.48700011 2.16399986] 
[5.74799977 6.71100063] 
[7.00699843 3.5979984 ] 
[6.38500021 3.7080003 ] 
[3.05300031 3.59199997] 
[4.55300004 2.49800032] 
[6.53499953 4.79799998] 
[2.94000032 4.72899974] 
[6.69999971 4.25099971] 
[4.62800002 4.41600004] 
[6.10100021 2.6880003 ] 
[2.90499986 4.02300011] 
[2.88199989 3.15300051] 
[3.62299986 4.1580004 ] 
[6.31099986 6.05800046] 
[2.28999975 3.02499973] 
[5.16200004 3.64400032] 
[5.28499982 4.55400008] 
[3.58800032 2.83200024] 
[3.29900032 5.05599974] 
[4.13400064 3.25499953] 
[6.95399999 4.64700019] 
[6.69999885 6.20099887] 
[5.76600039 3.57199988] 
[6.78800023 6.84399983] 
[5.07699962 5.6820001 ] 
[4.83399994 4.07199941] 
[6.22999885 5.08199887] 
[4.83600004 2.82000032] 
[5.60800039 2.36099988] 
[5.49500027 2.72500031] 
[3.65100064 4.98599953] 
[4.95500017 5.19499945] 
[5.92200023 4.68499983] 
[6.46599968 3.34300017] 
[5.10700038 3.18799992] 
[4.04799995 4.62200006] 
[7.00099971 5.39599971] 
[2.37699978 4.11500041] 
[2.75700007 2.40300011] 
[4.1529998  5.00000021] 
[4.41800472 2.91400409] 
[6.23900026 2.92399991] 
[6.07199996 4.34900002] 
[2.61799984 3.45600008] 
[6.80200017 5.00399945] 
[5.45500023 4.88199983] 
[4.21800027 3.81400031] 
[4.48700417 5.08200465] 
[3.09200004 4.33200032] 
[5.35500009 6.16900051] 
[5.71399953 4.02699998] 
[4.07400032 2.18499996] 
[5.25600013 4.19300019] 
[2.33400003 2.82400007] 
[2.7329996  4.52000005] 
[6.83000021 3.4190003 ] 
[4.77100002 3.81100004] 
[4.47300017 4.60000027] 
[4.05900029 2.5340013 ] 
[6.90500022 6.18100032] 
[5.61500021 3.1240003 ] 
[2.43200338 2.44800225] 
[5.43499971 4.34499971] 
[4.49799976 3.35599964] 
[6.25000442 6.30100665] 
[5.71100002 5.67400004] 
[5.31600005 2.52600006] 
[2.68500045 2.95599991] 
[3.28700012 4.17900008] 
[3.55500043 2.61899988] 
[4.68399954 2.32699996] 
[4.84300017 4.50099945] 
[6.30999971 4.70099971] 
[2.96299907 2.91599906] 
[7.30000035 5.324     ] 
[2.78899975 2.18499973] 
[7.01300003 6.64600003] 
[4.40000004 3.97000032] 
[4.85700045 3.27799991] 
[5.25800002 5.91100004] 
[6.22400023 5.59299983] 
[3.32900043 3.68999988] 
[3.14799986 4.78200011] 
[5.85200017 5.95399945] 
[2.3399999  4.88100039] 
[5.33599968 3.70800017] 
[5.09900064 5.05200046] 
[3.72100007 3.84200011] 
[4.26099996 4.58400002] 
[5.80399958 5.02699983] 
[5.02499974 3.72500032] 
[5.17900039 2.99899988] 
[6.27800472 3.54800409] 
[5.29400026 3.86599991] 
[2.35300043 2.20799988] 
[4.16399996 4.20100002] 
[4.29300004 2.75200032] 
[3.12700045 2.32499991] 
[6.75400442 5.58600665] 
[5.61399972 6.59899985] 
[2.29899984 3.95700008] 
[7.172      6.49500018] 
[4.48999986 3.06399972] 
[2.91100032 3.85100024] 
[4.69100002 6.77700004] 
[7.10600032 4.66200024] 
[6.57500032 4.99600024] 
[5.87399995 4.85600006] 
[6.10399932 5.92900001] 
[6.21500023 4.29299983] 
[2.50000026 4.36599991] 
[7.30199932 5.12400001] 
[5.64300026 2.15699991] 
[5.0519998  4.48800021] 
[2.65500021 4.94000023] 
[2.83799998 2.53599999] 
[2.51300007 3.57000011] 
[6.05999932 4.65900001] 
[6.48799971 4.22100023] 
[5.23900442 3.15900665] 
[6.14799947 5.20899947] 
[5.07700064 4.77799953] 
[6.82500035 4.198     ] 
[4.67800013 4.27900019] 
[5.20700013 4.45800019] 
[6.54200002 2.94700004] 
[4.83600442 4.99600665] 
[2.60300109 3.37599925] 
[3.0079999  4.24000039] 
[6.90700033 2.10299982] 
[5.16300024 3.82800032] 
[7.34300039 3.0209999 ] 
[2.82999998 4.72899999] 
[5.22200894 4.10400735] 
[4.25100018 4.93899996] 
[7.23600664 4.73500597] 
[5.37499982 4.63700008] 
[5.70300024 2.41700032] 
[3.61599975 4.26199973] 
[5.15600011 2.64399986] 
[5.53499971 6.36899971] 
180 
[6.00400064 4.94199953] 
[2.91100032 3.85100024] 
[6.23900026 2.92399991] 
[4.83600004 2.82000032] 
[5.74799977 6.71100063] 
[4.77100002 3.81100004] 
[2.78899975 2.18499973] 
[4.7320002  4.91400017] 
[7.04800002 6.42300004] 
[6.82500035 4.198     ] 
[7.14400023 5.14799983] 
[2.51899976 4.993     ] 
[4.29300004 2.75200032] 
[5.1209998  4.29900021] 
[5.61000002 5.90700004] 
[3.61599975 4.26199973] 
[2.61799984 3.45600008] 
[2.29899984 3.95700008] 
[6.90700033 2.10299982] 
[5.64300026 2.15699991] 
[5.38599888 3.27900291] 
[7.32399962 2.91299983] 
[4.69100002 6.77700004] 
[4.1529998  5.00000021] 
[6.51000035 6.494     ] 
[6.46599968 3.34300017] 
[3.14799986 4.78200011] 
[4.07400032 2.18499996] 
[6.21500023 4.29299983] 
[2.73601    2.71600892] 
[5.15600011 2.64399986] 
[3.55500043 2.61899988] 
[6.31099986 6.05800046] 
[5.17899952 3.97500045] 
[4.40100472 3.65400409] 
[3.55200045 3.72500034] 
[5.04099885 5.96399887] 
[6.30999971 4.70099971] 
[5.45500023 4.88199983] 
[3.0079999  4.24000039] 
[4.62800002 4.41600004] 
[6.95399999 4.64700019] 
[5.55899964 6.27200016] 
[2.43200338 2.44800225] 
[6.75400442 5.58600665] 
[4.04199996 4.33600002] 
[7.00699843 3.5979984 ] 
[5.09900064 5.05200046] 
[2.33400003 2.82400007] 
[5.73499953 4.39199998] 
[4.48999986 3.06399972] 
[2.50000026 4.36599991] 
[4.68399954 2.32699996] 
[5.10700038 3.18799992] 
[5.76600039 3.57199988] 
[6.22400023 5.59299983] 
[6.69999885 6.20099887] 
[7.35400032 4.68400024] 
[3.65100064 4.98599953] 
[6.57500032 4.99600024] 
[6.78800023 6.84399983] 
[5.33599968 3.70800017] 
[3.12700045 2.32499991] 
[6.54200002 2.94700004] 
[2.88199989 3.15300051] 
[5.49500027 2.72500031] 
[4.13400064 3.25499953] 
[4.04799995 4.62200006] 
[4.05900029 2.5340013 ] 
[2.7329996  4.52000005] 
[6.38500021 3.7080003 ] 
[4.40000004 3.97000032] 
[6.35700035 4.12099981] 
[5.07699962 5.6820001 ] 
[5.37499982 4.63700008] 
[3.11800037 4.51199933] 
[3.32900043 3.68999988] 
[2.94000032 4.72899974] 
[6.22999885 5.08199887] 
[5.35500009 6.16900051] 
[2.44899975 3.71600012] 
[4.48700417 5.08200465] 
[5.92200023 4.68499983] 
[5.43499971 4.34499971] 
[5.71399953 4.02699998] 
[6.08099995 5.77600006] 
[5.70300024 2.41700032] 
[5.07700064 4.77799953] 
[3.28700012 4.17900008] 
[5.61500021 3.1240003 ] 
[2.75700007 2.40300011] 
[7.00099971 5.39599971] 
[4.83399994 4.07199941] 
[5.16200004 3.64400032] 
[5.31600005 2.52600006] 
[2.37699978 4.11500041] 
[3.05300031 3.59199997] 
[2.55999983 2.24600074] 
[6.25000442 6.30100665] 
[4.49799976 3.35599964] 
[3.29900032 5.05599974] 
[4.85700045 3.27799991] 
[6.90499982 6.18100008] 
[2.50099975 3.22500012] 
[6.10100021 2.6880003 ] 
[2.96299907 2.91599906] 
[6.83000021 3.4190003 ] 
[2.35300043 2.20799988] 
[5.25800002 5.91100004] 
[5.85200017 5.95399945] 
[5.20700013 4.45800019] 
[4.21800027 3.81400031] 
[6.80200017 5.00399945] 
[4.84300017 4.50099945] 
[5.71100002 5.67400004] 
[3.95799957 4.86700019] 
[4.47300017 4.60000027] 
[4.26099996 4.58400002] 
[5.25599971 4.19299869] 
[7.30000035 5.324     ] 
[3.85300001 2.28800001] 
[4.55300004 2.49800032] 
[2.68500045 2.95599991] 
[5.80399958 5.02699983] 
[5.61399972 6.59899985] 
[3.20500032 2.51500024] 
[6.53499953 4.79799998] 
[3.58800032 2.83200024] 
[4.95500017 5.19499945] 
[7.01300003 6.64600003] 
[5.17900039 2.99899988] 
[4.67800017 3.16300035] 
[4.16399996 4.20100002] 
[2.90499986 4.02300011] 
[2.28999975 3.02499973] 
[6.27800472 3.54800409] 
[6.71399932 5.42300001] 
[2.3399999  4.88100039] 
[5.02499974 3.72500032] 
[5.16300024 3.82800032] 
[5.48700011 2.16399986] 
[5.0519998  4.48800021] 
[7.10600032 4.66200024] 
[4.09700045 2.73199991] 
[4.41800472 2.91400409] 
[7.172      6.49500018] 
[6.48799971 4.22100023] 
[5.17700003 4.88900003] 
[7.30199932 5.12400001] 
[5.87399995 4.85600006] 
[6.10399932 5.92900001] 
[6.83297695 2.19796314] 
[6.07199996 4.34900002] 
[2.65500021 4.94000023] 
[2.51300007 3.57000011] 
[2.3479996  4.35000005] 
[2.83799998 2.53599999] 
[6.05999932 4.65900001] 
[6.14799947 5.20899947] 
[5.23900442 3.15900665] 
[4.67800013 4.27900019] 
[5.29400026 3.86599991] 
[5.03599982 4.34100008] 
[2.60300109 3.37599925] 
[6.64300017 3.04200035] 
[7.23600664 4.73500597] 
[6.69999971 4.25099971] 
[4.83600442 4.99600665] 
[3.09200004 4.33200032] 
[4.25100018 4.93899996] 
[4.74799953 6.63699998] 
[5.28499982 4.55400008] 
[3.72100007 3.84200011] 
[5.60800039 2.36099988] 
[7.34300039 3.0209999 ] 
[5.16300027 2.53700031] 
[6.86599932 6.28200001] 
[2.82999998 4.72899999] 
[3.62299986 4.1580004 ] 
[6.9539998  6.43000021] 
