21 
[5.17253886 4.49780522] 
[3.61725566 3.88216629] 
[6.95399967 6.43000018] 
[5.41821062 2.50430897] 
[2.52985633 3.68369819] 
[6.83928501 3.36315241] 
[5.49595669 6.43141519] 
[3.23429283 2.58471035] 
[6.22992735 5.09161875] 
[4.27787999 2.67281947] 
[7.11072241 4.78536621] 
[2.78430174 4.54388274] 
[5.11805248 3.86295604] 
[6.2389999  2.92399927] 
[4.83560891 5.00299872] 
[6.19535728 4.33945143] 
[2.51649995 2.62528523] 
[5.2197236  3.19682363] 
[5.69563238 5.85707028] 
[6.84290291 2.16831691] 
[4.15880661 4.65992407] 
22 
[5.14986688 4.46698211] 
[3.41850016 3.91394325] 
[5.61399992 6.59899991] 
[5.37900014 2.56899928] 
[6.24598539 4.24964318] 
[2.54873558 3.12171871] 
[6.09272083 4.92545618] 
[3.95799786 4.86700071] 
[4.11599985 2.56400013] 
[6.9540008  6.42999961] 
[7.34299997 3.02099979] 
[4.20649301 4.22370308] 
[5.16199873 3.64399963] 
[4.69398433 4.93545354] 
[2.37699969 4.1150009 ] 
[6.84290291 2.16831691] 
[6.59236858 3.25377537] 
[7.09546701 4.82572279] 
[2.75700072 2.40299922] 
[5.16447989 5.78597388] 
[6.09396092 5.88533081] 
[2.92261477 4.56874607] 
23 
[5.10700107 3.18799819] 
[6.00979745 5.87317296] 
[3.41850016 3.91394325] 
[2.75700072 2.40299922] 
[4.32523291 4.86125278] 
[7.11072241 4.78536621] 
[7.34299997 3.02099979] 
[5.92200325 4.68499976] 
[5.08600729 5.70248924] 
[3.03117914 4.55120232] 
[6.9540008  6.42999961] 
[2.54873558 3.12171871] 
[4.11600002 2.56400027] 
[6.51821868 3.00933238] 
[5.17398157 3.85941368] 
[2.37166323 4.13147374] 
[6.53752361 4.07778766] 
[4.24113402 3.85410049] 
[5.61399992 6.59899991] 
[5.13541292 4.52361004] 
[5.41821062 2.50430897] 
[6.84290291 2.16831691] 
[6.57499797 4.99600053] 
24 
[2.55426104 4.56261252] 
[6.52117876 3.09578671] 
[6.06911387 5.85199792] 
[3.53700893 3.8922005 ] 
[5.06481291 4.04265782] 
[4.1287604  2.53843821] 
[3.20500046 2.51500123] 
[5.6140005 6.5990004] 
[6.97688668 4.8238142 ] 
[6.9540008  6.42999961] 
[4.13842614 4.69079679] 
[2.49861576 3.86348087] 
[5.10708035 4.75476475] 
[7.05430499 3.42622938] 
[5.45205232 2.49607795] 
[5.18567595 5.88387722] 
[6.04438056 4.58989799] 
[2.51626863 3.05871313] 
[6.84290291 2.16831691] 
[4.59723505 3.20132559] 
[3.11799999 4.51199991] 
[4.74799949 6.63700045] 
[5.35399985 3.30399995] 
[2.58587804 2.30315575] 
25 
[6.96346429 4.89978963] 
[4.57065637 2.80808584] 
[3.32775049 4.01665861] 
[5.14740707 4.26916971] 
[6.3331267  6.26475035] 
[6.59236858 3.25377537] 
[2.89098954 2.89217047] 
[4.74799949 6.63700045] 
[4.09111205 4.79011582] 
[5.48924361 6.25451668] 
[5.87399983 4.85600025] 
[5.45205232 2.49607795] 
[6.84290291 2.16831691] 
[4.05899985 2.53400008] 
[6.39108125 4.20218972] 
[2.89004829 4.6799693 ] 
[4.84498362 4.87723549] 
[4.28480275 3.82466114] 
[2.70673499 2.3309357 ] 
[5.2437392  3.30811034] 
[7.34299997 3.02099979] 
[2.37699969 4.1150009 ] 
[6.02558883 5.81453391] 
[2.50099836 3.22499815] 
[6.96976496 6.43127546] 
26 
[4.39999999 3.96999999] 
[6.96976496 6.43127546] 
[2.60300144 3.37600123] 
[5.41821062 2.50430897] 
[6.09589212 4.81418423] 
[6.3331267  6.26475035] 
[3.0955466  4.45087694] 
[5.09886353 4.76475416] 
[2.72164894 2.46245518] 
[6.51821868 3.00933238] 
[5.04100016 5.96400001] 
[4.11599985 2.56400013] 
[7.10599967 4.66199997] 
[4.13291338 4.7772685 ] 
[5.71399994 4.02700018] 
[5.17900003 3.97499875] 
[2.51899999 4.993     ] 
[7.0919923  5.17268722] 
[3.60619294 3.82019602] 
[5.6140005 6.5990004] 
[7.34299997 3.02099979] 
[5.10316399 3.17955857] 
[2.36554529 4.14208728] 
[6.84290291 2.16831691] 
[5.93680024 5.85713212] 
[6.53752361 4.07778766] 
27 
[6.3753961  4.16462957] 
[3.06073772 3.96746476] 
[6.95399967 6.43000018] 
[5.25736219 3.28555514] 
[5.1106536  5.72493026] 
[4.05899985 2.53400008] 
[4.8391214  3.95270845] 
[2.61499881 3.35600018] 
[7.15408812 4.73393104] 
[6.51821868 3.00933238] 
[5.61987083 6.28221639] 
[5.89781584 4.8999523 ] 
[4.15137564 4.85563174] 
[2.38000039 2.8589997 ] 
[5.21418863 4.32026358] 
[2.51899989 4.99299989] 
[7.05430499 3.42622938] 
[3.78642626 3.98001629] 
[5.41821062 2.50430897] 
[4.53139624 2.95978654] 
[4.74799949 6.63700045] 
[4.90577639 4.89389111] 
[6.5862054  5.00556859] 
[2.37699969 4.1150009 ] 
[2.76004623 2.39572432] 
[6.84290291 2.16831691] 
[3.11668451 4.51241339] 
28 
[4.14751732 4.97475374] 
[5.10316399 3.17955857] 
[6.0531899  5.86381094] 
[2.56750608 3.58641925] 
[6.72331332 3.14869908] 
[5.17713977 3.97602616] 
[2.51899999 4.993     ] 
[2.76004623 2.39572432] 
[6.47628864 4.21049916] 
[5.48924361 6.25451668] 
[6.9540008  6.42999961] 
[3.0955466  4.45087694] 
[4.14827961 2.80811752] 
[7.15408812 4.73393104] 
[4.10843402 2.46177165] 
[5.98171258 4.79447399] 
[6.84290291 2.16831691] 
[5.45205232 2.49607795] 
[3.60619294 3.82019602] 
[2.36554529 4.14208728] 
[4.09772116 4.37308331] 
[5.17699778 4.88899883] 
[6.71823292 5.04618453] 
[4.74799949 6.63700045] 
[2.54842134 2.9636572 ] 
[4.84299973 4.5009998 ] 
[5.76599967 3.57200245] 
[4.34830055 3.78490202] 
29 
[3.29900223 5.0559933 ] 
[5.20121592 4.52278037] 
[2.5546762  3.04898961] 
[6.5389431  2.95031542] 
[6.9540008  6.42999961] 
[5.18567595 5.88387722] 
[4.53581818 3.42366161] 
[6.5271148  3.92735489] 
[7.10600038 4.66200023] 
[3.09489971 4.33222268] 
[2.75700072 2.40299922] 
[4.23554418 4.60059061] 
[4.05899985 2.53400008] 
[6.09589212 4.81418423] 
[5.18725249 3.87031513] 
[6.0531899  5.86381094] 
[7.34299997 3.02099979] 
[5.41821062 2.50430897] 
[3.59059226 3.81101287] 
[2.37896877 4.11334324] 
[5.34799258 3.25268108] 
[4.74799949 6.63700045] 
[7.14399965 5.14799999] 
[6.84290291 2.16831691] 
[2.66487228 4.74808427] 
[4.56376201 2.66364198] 
[4.83560891 5.00299872] 
[5.6140005 6.5990004] 
[6.71400029 5.42300058] 
30 
[6.9540008  6.42999961] 
[5.17253886 4.49780522] 
[2.54873558 3.12171871] 
[5.11546124 3.18524859] 
[6.47628864 4.21049916] 
[5.23707887 5.890721  ] 
[2.7650461  4.74410728] 
[3.21090172 4.34184224] 
[6.84290291 2.16831691] 
[2.75700072 2.40299922] 
[4.02186177 2.50883354] 
[4.23554418 4.60059061] 
[7.00099989 5.3960008 ] 
[4.26469946 3.79983842] 
[6.71240488 3.15998166] 
[2.37699969 4.1150009 ] 
[6.57500311 4.99599751] 
[4.74799949 6.63700045] 
[5.17064512 2.54580433] 
[5.16300014 3.82800129] 
[5.6140005 6.5990004] 
[4.41416289 2.915391  ] 
[7.116315   4.68206744] 
[6.10271132 5.16594204] 
[6.07131414 5.93113963] 
[3.36783754 3.73969708] 
[4.83560891 5.00299872] 
[5.95828322 4.68314653] 
[5.63445043 2.36042173] 
[5.71400029 4.02699961] 
31 
[4.83560891 5.00299872] 
[2.89519317 4.55736995] 
[5.35399985 3.30399995] 
[7.0105939  4.89803691] 
[2.75700113 2.4030001 ] 
[6.0531899  5.86381094] 
[6.84290291 2.16831691] 
[4.05899985 2.53400008] 
[6.07199959 4.34899976] 
[4.32838115 3.93522844] 
[2.61799999 3.45599975] 
[6.9540008  6.42999961] 
[5.60843079 2.36081527] 
[5.1507901  4.00231948] 
[7.05430499 3.42622938] 
[5.08600729 5.70248924] 
[5.17064512 2.54580433] 
[3.55404474 3.90835374] 
[4.11208117 4.77459954] 
[5.99782346 4.91873328] 
[4.49000172 3.06400103] 
[4.70888017 4.43927109] 
[5.55899956 6.27199958] 
[6.51821868 3.00933238] 
[5.27658678 4.5983608 ] 
[6.48473807 4.2051762 ] 
[2.38000001 2.85899996] 
[2.37383701 4.13740422] 
[5.74410536 6.70902969] 
[3.29900223 5.0559933 ] 
[4.74799949 6.63700045] 
32 
[2.37088327 4.26011039] 
[5.03599984 4.34100011] 
[7.0919923  5.17268722] 
[5.2197236  3.19682363] 
[2.50862911 2.48795164] 
[5.55899956 6.27199958] 
[6.5922472 3.1358989] 
[6.81297453 6.23337669] 
[3.57430714 3.98787141] 
[4.34830055 3.78490202] 
[4.06736498 2.4752953 ] 
[5.80350559 4.31194718] 
[2.9110042  3.85099968] 
[5.41821062 2.50430897] 
[6.47628864 4.21049916] 
[4.78131908 4.9804353 ] 
[6.0531899  5.86381094] 
[3.20500449 2.51500196] 
[3.01069405 4.54860575] 
[6.84290291 2.16831691] 
[6.09272083 4.92545618] 
[2.57909842 3.33573972] 
[4.4641991  2.81776361] 
[4.74799949 6.63700045] 
[5.16300119 3.82800009] 
[4.13083178 4.67882465] 
[7.10599967 4.66199997] 
[5.74410536 6.70902969] 
[7.34299997 3.02099979] 
[5.2877452  4.74315358] 
[5.08600729 5.70248924] 
[7.06742244 6.51161723] 
33 
[2.8577785  4.65678935] 
[5.45500121 4.88199899] 
[4.09700514 2.73200221] 
[6.9540008  6.42999961] 
[6.84290291 2.16831691] 
[2.54873558 3.12171871] 
[6.48800081 4.2209969 ] 
[5.54036103 6.29842691] 
[2.75700072 2.40299922] 
[5.08016814 4.41951636] 
[3.60619294 3.82019602] 
[4.17319435 4.85371154] 
[5.47037308 2.47349377] 
[7.19511305 5.1793377 ] 
[6.2389999  2.92399927] 
[5.76599967 3.57200245] 
[4.25533212 4.0813578 ] 
[7.10599992 4.66200009] 
[6.89214891 3.31088636] 
[4.68478376 2.42006211] 
[6.22400035 5.59299986] 
[4.67349847 3.16708111] 
[4.95500008 5.19499919] 
[4.74799949 6.63700045] 
[5.16300014 3.82800129] 
[6.05551862 4.38536158] 
[6.01803485 5.97863485] 
[4.02186177 2.50883354] 
[3.29900177 5.05599961] 
[3.0690438  4.12877611] 
[2.37699969 4.1150009 ] 
[5.23899965 3.15899978] 
[6.4605038 4.9692985] 
34 
[4.56868888 4.87815956] 
[5.40074759 3.29121617] 
[2.44138642 2.3133257 ] 
[6.53052742 6.26005763] 
[3.0898888  4.05790389] 
[6.19837864 5.02184857] 
[4.02186177 2.50883354] 
[4.40000272 3.97000291] 
[5.61399967 6.59899941] 
[7.34299997 3.02099979] 
[2.54321365 2.91745721] 
[7.1059998 4.6620001] 
[5.63445043 2.36042173] 
[6.21499975 4.29300014] 
[4.06094344 4.69769508] 
[2.89004829 4.6799693 ] 
[5.11183356 5.00329144] 
[4.29517838 2.76679197] 
[6.59236858 3.25377537] 
[3.65776539 3.85994538] 
[6.08100063 5.77599975] 
[2.36554529 4.14208728] 
[5.08600729 5.70248924] 
[5.13722865 4.43477939] 
[4.74799949 6.63700045] 
[6.84290291 2.16831691] 
[7.0919923  5.17268722] 
[4.85699461 3.27799539] 
[3.04332293 2.37533924] 
[2.53528282 3.50228607] 
[5.18723885 2.59687496] 
[7.0230511  6.45273558] 
[5.18487059 3.83618047] 
[5.85199918 5.95399921] 
35 
[3.60619294 3.82019602] 
[6.48799961 4.22100014] 
[5.08600729 5.70248924] 
[5.11546124 3.18524859] 
[6.96976496 6.43127546] 
[2.36554529 4.14208728] 
[3.20499532 2.51499262] 
[6.84290291 2.16831691] 
[4.83560891 5.00299872] 
[5.93680024 5.85713212] 
[5.80350559 4.31194718] 
[5.6080011  2.36100049] 
[3.08395581 4.40934416] 
[2.56750608 3.58641925] 
[4.49000019 3.06399976] 
[7.15263375 5.19517036] 
[5.16761153 3.83249823] 
[5.61399967 6.59899941] 
[2.58587804 2.30315575] 
[6.18644073 3.53560076] 
[5.94775536 4.91229761] 
[5.16050271 4.52380947] 
[7.34299997 3.02099979] 
[4.05899985 2.53400008] 
[4.22881052 4.59627113] 
[6.9736547  4.72320624] 
[4.47036593 3.98344594] 
[4.74799949 6.63700045] 
[2.54842134 2.9636572 ] 
[5.16299996 2.53700025] 
[2.51899999 4.993     ] 
[3.95799786 4.86700071] 
[7.00699964 3.59800026] 
[6.5389431  2.95031542] 
[6.3331267  6.26475035] 
36 
[5.63919032 2.38726827] 
[5.20699812 4.45799793] 
[2.54321365 2.91745721] 
[2.93912459 4.664052  ] 
[6.80017176 4.85692088] 
[6.7140007  5.42300054] 
[4.29299909 2.75199975] 
[5.6285676  6.06899126] 
[7.34299997 3.02099979] 
[4.20590224 4.08169235] 
[6.9540008  6.42999961] 
[5.34799258 3.25268108] 
[2.53528282 3.50228607] 
[6.46599855 3.34300312] 
[2.37088327 4.26011039] 
[5.80400064 5.02699968] 
[4.96468944 5.0078765 ] 
[2.60835846 2.32183659] 
[6.14076493 5.84183865] 
[6.84290291 2.16831691] 
[6.48799996 4.22099944] 
[5.16299996 2.53700025] 
[3.60619294 3.82019602] 
[3.0690438  4.12877611] 
[5.08600729 5.70248924] 
[5.16300049 3.82800004] 
[4.12373749 4.87335764] 
[7.26247684 5.05422117] 
[4.71692972 4.38272138] 
[6.05242511 4.40833688] 
[4.74799949 6.63700045] 
[5.74410536 6.70902969] 
[4.06736498 2.4752953 ] 
[3.22562447 2.51620835] 
[4.67349847 3.16708111] 
[6.64299986 3.04200053] 
37 
[6.53052742 6.26005763] 
[4.89624826 3.93232411] 
[2.36554529 4.14208728] 
[7.34299997 3.02099979] 
[5.90665706 4.99823513] 
[2.79923366 2.34381968] 
[5.45205232 2.49607795] 
[3.64759262 4.24212718] 
[4.83560891 5.00299872] 
[6.48799961 4.22100014] 
[2.7746976  2.97415551] 
[4.1287604  2.53843821] 
[5.08600729 5.70248924] 
[7.15263375 5.19517036] 
[5.92179506 4.42530534] 
[7.0230511  6.45273558] 
[3.13255685 4.40052265] 
[5.61399967 6.59899941] 
[6.59236858 3.25377537] 
[5.24432976 3.80516198] 
[2.66487228 4.74808427] 
[4.74799949 6.63700045] 
[4.70888017 4.43927109] 
[6.84290291 2.16831691] 
[4.10490726 4.86151465] 
[5.23899965 3.15899978] 
[2.33400416 2.82399934] 
[3.47908059 3.74883496] 
[5.11982757 4.31768804] 
[3.51164753 2.66129974] 
[2.53528282 3.50228607] 
[7.10599967 4.66199997] 
[5.93680024 5.85713212] 
[6.57500064 4.99599949] 
[4.2713847  3.91972085] 
[5.32674762 4.67441484] 
[4.67798809 3.16299764] 
38 
[6.22400238 5.59299946] 
[4.09819158 4.54862856] 
[5.63445043 2.36042173] 
[2.54321365 2.91745721] 
[5.30179058 4.66169447] 
[6.71187628 4.30175625] 
[4.09743828 2.73122425] 
[2.66487228 4.74808427] 
[5.74410536 6.70902969] 
[7.34299997 3.02099979] 
[7.06742244 6.51161723] 
[5.85199962 5.95399811] 
[5.10699985 3.18799925] 
[7.15645919 4.87960661] 
[4.63227146 4.93883452] 
[6.59236858 3.25377537] 
[6.07199985 4.34899998] 
[5.12487566 3.94934092] 
[3.0690438  4.12877611] 
[6.84290291 2.16831691] 
[3.10191025 2.39092413] 
[2.44138642 2.3133257 ] 
[3.60619294 3.82019602] 
[6.2688085  6.07403786] 
[5.55900011 6.27200023] 
[4.27378612 3.77610569] 
[4.74799949 6.63700045] 
[3.1180025  4.51200143] 
[2.53528282 3.50228607] 
[6.19837864 5.02184857] 
[4.07399989 2.18499996] 
[4.97513929 4.39622724] 
[5.33600011 3.70800033] 
[5.08600729 5.70248924] 
[4.68399989 2.32700055] 
[2.36554529 4.14208728] 
[5.27846761 2.57194444] 
[6.81297453 6.23337669] 
39 
[4.74799949 6.63700045] 
[6.46599855 3.34300312] 
[3.60619294 3.82019602] 
[6.4605038 4.9692985] 
[4.84714647 3.90972648] 
[2.33400029 2.82399998] 
[2.73300008 4.52000002] 
[6.81297453 6.23337669] 
[4.68399989 2.32700055] 
[5.35500056 6.16899979] 
[7.34299997 3.02099979] 
[4.11717919 4.92377297] 
[7.0919923  5.17268722] 
[5.45500121 4.88199899] 
[2.75990835 2.32892582] 
[5.09756362 4.41936113] 
[5.34799258 3.25268108] 
[5.41821062 2.50430897] 
[7.1059998 4.6620001] 
[4.05899961 2.53399992] 
[5.21505703 3.85209808] 
[6.23897522 2.92395725] 
[2.53528282 3.50228607] 
[6.2688085  6.07403786] 
[6.84290291 2.16831691] 
[6.21499975 4.29300014] 
[4.2713847  3.91972085] 
[4.38629222 4.52271605] 
[4.95500008 5.19500059] 
[5.74410536 6.70902969] 
[3.14584612 4.44329667] 
[2.89676553 2.90897089] 
[4.67798809 3.16299764] 
[2.51899989 4.99299989] 
[2.91099997 3.85099994] 
[5.88145919 5.87467993] 
[7.06742244 6.51161723] 
[2.36554529 4.14208728] 
[6.83282338 3.40957747] 
40 
[4.51174712 3.37528941] 
[6.08100063 5.77599975] 
[2.66487228 4.74808427] 
[6.38499997 3.70800012] 
[2.3494505  2.84876633] 
[5.17700009 4.88899997] 
[5.41821062 2.50430897] 
[2.91099997 3.85099994] 
[7.10599967 4.66199997] 
[7.34299997 3.02099979] 
[3.22562447 2.51620835] 
[5.74410536 6.70902969] 
[6.96976496 6.43127546] 
[4.25648555 4.93878151] 
[5.16299971 3.82799999] 
[4.06736498 2.4752953 ] 
[5.55900011 6.27200023] 
[6.39108125 4.20218972] 
[5.34799258 3.25268108] 
[4.0663998  4.59481875] 
[5.08600729 5.70248924] 
[6.84290291 2.16831691] 
[5.94775536 4.91229761] 
[2.36554529 4.14208728] 
[3.60619294 3.82019602] 
[2.53528282 3.50228607] 
[7.15263375 5.19517036] 
[3.14584612 4.44329667] 
[4.74799949 6.63700045] 
[4.44646694 2.71886611] 
[6.3331267  6.26475035] 
[2.60835846 2.32183659] 
[6.23897522 2.92395725] 
[5.03599984 4.34100011] 
[5.71158458 4.30812537] 
[7.00699964 3.59800026] 
[6.57500311 4.99599751] 
[6.64299997 3.04199976] 
[2.7746976  2.97415551] 
[5.85199918 5.95399921] 
