1	3.616	4.262	28	2.266
2	2.29	3.025	28	2.408
3	2.757	2.403	35	3.211
4	2.882	3.153	34	3.208
5	3.552	3.725	31	3.375
6	3.623	4.158	23	2.283
7	2.94	4.729	17	1.518
8	2.377	4.115	44	3.185
9	3.617	3.784	19	1.633
10	2.736	2.716	15	1.536
11	4.836	4.996	9	1.017
12	3.287	4.179	44	3.237
13	5.077	4.778	12	1.569
14	2.56	2.246	19	1.631
15	2.83	4.729	9	1.096
16	2.603	3.376	15	1.725
17	5.336	3.708	22	2.467
18	4.49	3.064	41	3.19
19	4.473	4.6	19	1.572
20	2.348	4.35	44	3.285
21	5.435	4.345	7	1.033
22	3.182	4.466	20	1.508
23	2.618	3.456	20	1.831
24	5.179	2.999	35	3.302
25	3.205	2.515	42	3.302
26	2.352	4.139	19	1.679
27	2.963	2.916	23	2.154
28	3.853	2.288	17	1.912
29	4.116	2.564	36	3.28
30	4.164	4.201	31	3.174
31	2.615	3.356	9	1.337
32	4.498	3.356	29	2.35
33	2.449	3.716	36	3.337
34	4.401	3.654	7	1.337
35	5.294	3.866	23	2.427
36	5.163	2.537	36	3.264
37	2.733	4.52	44	3.282
38	3.555	2.619	29	2.394
39	5.239	3.159	9	1.307
40	4.678	4.279	23	2.221
41	5.099	3.976	13	1.581
42	4.678	3.163	31	3.255
43	3.148	4.782	15	1.836
44	3.651	4.986	12	1.814
45	4.4	3.97	26	2.396
46	2.655	4.94	10	1.405
47	3.721	3.842	35	3.176
48	3.588	2.832	42	3.353
49	5.163	3.828	42	3.028
50	2.299	3.957	20	1.805
51	3.329	3.69	29	2.018
52	5.107	3.188	32	3.454
53	5.179	3.975	26	2.244
54	2.34	4.881	25	2.451
55	4.487	5.082	7	1.259
56	2.838	2.536	9	1.294
57	5.256	4.193	23	2.14
58	2.5	4.366	23	2.179
59	4.687	4.862	13	1.779
60	4.553	2.498	26	2.28
61	2.353	2.208	29	2.244
62	2.38	2.859	34	3.489
63	5.025	3.725	17	1.681
64	4.048	4.622	22	2.438
65	2.685	2.956	38	3.248
66	4.153	5	29	2.243
67	4.074	2.185	34	3.479
68	4.836	2.82	26	2.192
69	4.857	3.278	38	3.419
70	5.036	4.341	34	3.343
71	4.059	2.534	39	3.158
72	2.481	2.489	15	1.602
73	2.432	2.448	17	1.975
74	3.008	4.24	25	2.42
75	4.07	2.167	25	2.437
76	2.519	4.993	29	2.16
77	4.097	2.732	38	3.029
78	3.092	4.332	26	2.099
79	2.911	3.851	42	3.198
80	5.375	4.637	34	3.162
81	3.053	3.592	13	1.69
82	4.261	4.584	31	3.442
83	2.789	2.185	28	2.169
84	2.513	3.57	35	3.004
85	4.218	3.814	36	3.126
86	3.299	5.056	17	1.778
87	4.134	3.255	12	1.873
88	4.042	4.336	31	3.299
89	4.418	2.914	7	1.354
90	2.501	3.225	36	3.402
91	4.293	2.752	26	2.432
92	4.684	2.327	44	3.383
93	3.118	4.512	44	3.304
94	2.905	4.023	15	1.764
95	3.958	4.867	39	3.371
96	3.127	2.325	38	3.497
97	4.628	4.416	16	1.755
98	5.177	4.889	32	3.373
99	2.334	2.824	44	3.055
100	4.251	4.939	35	3.089
101	7.236	4.735	10	1.265
102	7.144	5.148	26	2.495
103	5.735	4.392	25	2.33
104	6.31	4.701	7	1.078
105	7.172	6.495	44	3.074
106	5.748	6.711	39	3.003
107	5.156	2.644	15	1.93
108	5.052	4.488	29	2.209
109	4.748	6.637	25	2.469
110	6.907	2.103	20	1.641
111	5.162	3.644	26	2.127
112	5.041	5.964	28	2.404
113	5.614	6.599	38	3.12
114	6.25	6.301	9	1.343
115	6.954	6.43	29	2.065
116	5.922	4.685	26	2.312
117	6.83	3.419	13	2
118	6.004	4.942	12	1.861
119	4.732	4.914	31	3.269
120	5.852	5.954	39	3.089
121	5.535	6.369	7	1.162
122	6.239	2.924	23	2.201
123	6.802	5.004	39	3.174
124	4.834	4.072	25	2.157
125	6.51	6.494	20	1.583
126	4.691	6.777	16	1.982
127	5.699	6.763	9	1.12
128	6.311	6.058	13	1.754
129	6.23	5.082	28	2.055
130	5.455	4.882	26	2.035
131	6.7	6.201	28	2.381
132	6.714	5.423	17	1.53
133	7.007	3.598	39	3.268
134	6.488	4.221	39	3.078
135	5.714	4.027	25	2.178
136	5.766	3.572	35	3.357
137	6.357	4.121	36	3.423
138	7.3	5.324	20	1.778
139	5.222	4.104	13	1.518
140	5.61	5.907	16	1.578
141	7.048	6.423	16	1.892
142	6.466	3.343	22	2.284
143	5.366	6.185	7	1.118
144	6.104	5.929	17	1.855
145	6.224	5.593	26	2.291
146	6.081	5.776	22	2.369
147	6.215	4.293	26	2.255
148	5.608	2.361	35	3.283
149	5.703	2.417	42	3.034
150	7.324	2.913	19	1.994
151	6.866	6.282	17	1.795
152	6.535	4.798	25	2.336
153	5.121	4.299	29	2.036
154	5.615	3.124	13	1.872
155	6.278	3.548	7	1.423
156	7.146	6.451	15	1.853
157	5.379	2.569	16	1.792
158	5.207	4.458	23	2.012
159	6.643	3.042	31	3.016
160	5.355	6.169	17	1.827
161	5.804	5.027	44	3.291
162	5.316	2.526	39	3.313
163	6.072	4.349	31	3.29
164	5.099	5.052	19	1.657
165	6.148	5.209	13	1.934
166	5.077	5.682	32	3.267
167	5.285	4.554	34	3.023
168	6.795	2.139	9	1.366
169	5.559	6.272	36	3.381
170	6.954	4.647	41	3.469
171	7.013	6.646	31	3.077
172	6.905	6.181	34	3.1
173	4.955	5.195	39	3.088
174	6.575	4.996	42	3.222
175	6.833	2.198	20	1.896
176	6.754	5.586	9	1.233
177	5.386	3.279	19	1.851
178	6.385	3.708	13	1.829
179	6.825	4.198	20	1.541
180	6.788	6.844	26	2.194
181	5.495	2.725	36	3.264
182	7.106	4.662	42	3.132
183	7.302	5.124	17	1.781
184	7.354	4.684	42	3.293
185	6.101	2.688	13	1.846
186	5.643	2.157	23	2.315
187	5.12	5.654	13	1.819
188	4.771	3.811	16	1.953
189	7.001	5.396	7	1.041
190	6.542	2.947	16	1.89
191	5.874	4.856	22	2.133
192	7.343	3.021	25	2.33
193	5.354	3.304	17	1.675
194	6.7	4.251	7	1.15
195	4.843	4.501	39	3.274
196	5.258	5.911	16	1.641
197	5.487	2.164	15	1.927
198	6.28	6.131	7	1.418
199	5.711	5.674	16	1.697
200	6.06	4.659	17	1.514
