6 
[3.08355398 4.23413584] 
[6.21681449 4.62106301] 
[3.42655606 2.71925677] 
[5.17900004 3.97500032] 
[5.39312796 3.03568129] 
[5.83267552 5.94669216] 
7 
[6.04306947 6.20042957] 
[2.98338988 2.66495771] 
[5.20700012 4.4580005 ] 
[2.85125254 4.29424038] 
[6.7433246  4.72242941] 
[4.27622916 4.00288501] 
[5.50036691 2.72229724] 
8 
[6.59562958 4.7534541 ] 
[4.23038886 2.6952983 ] 
[5.11128067 4.36042089] 
[6.04306947 6.20042957] 
[2.81334166 4.32690154] 
[5.65525649 2.73753522] 
[2.63707068 2.82432996] 
[4.04200014 4.33600043] 
9 
[6.84765151 6.31360225] 
[4.85100922 2.76931564] 
[6.64299945 3.04200062] 
[4.0416511  4.33575255] 
[5.1084043  4.36538029] 
[6.56736401 4.78530309] 
[2.71681564 2.82119196] 
[5.46721635 6.21727475] 
[2.77600211 4.3732723 ] 
10 
[5.11128067 4.36042089] 
[2.65012094 2.76667152] 
[5.46721635 6.21727475] 
[4.04200014 4.33600043] 
[6.56736401 4.78530309] 
[5.34542293 2.72795042] 
[4.14680838 2.62951091] 
[2.79504256 4.28697744] 
[6.64300024 3.0420002 ] 
[6.84765151 6.31360225] 
11 
[5.1084043  4.36538029] 
[6.55980383 4.73697647] 
[6.9540008  6.42999961] 
[4.0416511  4.33575255] 
[5.46721635 6.21727475] 
[2.6436694  2.84252712] 
[4.14680838 2.62951091] 
[6.64300024 3.0420002 ] 
[5.34542293 2.72795042] 
[2.77600211 4.3732723 ] 
[6.28640462 5.67467702] 
12 
[4.04200014 4.33600043] 
[6.61763693 4.97060952] 
[5.33077894 2.67724992] 
[5.0973822  4.37142668] 
[5.51808058 6.20786329] 
[2.7951135  4.41319399] 
[6.95399967 6.43000018] 
[2.57006307 3.21780141] 
[6.64610779 2.98233285] 
[4.14680838 2.62951091] 
[6.35700002 4.1210003 ] 
[2.75700072 2.40299922] 
13 
[5.07425552 4.42588927] 
[4.11794172 2.57714024] 
[6.84765151 6.31360225] 
[6.64300024 3.0420002 ] 
[2.50796109 3.99719289] 
[5.27415094 2.88398429] 
[6.04438056 4.58989799] 
[3.05573299 4.51604348] 
[5.46721635 6.21727475] 
[2.75700072 2.40299922] 
[6.97688668 4.8238142 ] 
[4.04200026 4.33600017] 
[2.5546762  3.04898961] 
14 
[2.57133294 3.67910121] 
[7.0105939  4.89803691] 
[5.15431737 3.63924188] 
[5.0661938  4.52774676] 
[6.64300024 3.0420002 ] 
[5.04100016 5.96400001] 
[2.68069468 2.6405143 ] 
[4.04200006 4.3360002 ] 
[4.11599985 2.56400013] 
[6.9540008  6.42999961] 
[5.8398394  6.08762231] 
[6.11425329 4.55011163] 
[5.37379537 2.56419541] 
[2.88217336 4.51912136] 
15 
[4.04200026 4.33600017] 
[5.53489217 6.28814264] 
[6.23450541 4.30219777] 
[5.45205232 2.49607795] 
[2.68069468 2.6405143 ] 
[4.11599985 2.56400013] 
[2.55056528 3.75113016] 
[6.14800047 5.20899975] 
[5.10699948 3.18800011] 
[5.07280003 5.02852817] 
[3.0082463 4.5191989] 
[6.6724486  3.03855466] 
[5.11000232 4.21172344] 
[6.95399967 6.43000018] 
[7.11072241 4.78536621] 
16 
[5.39047204 2.56297284] 
[5.12832317 4.57585856] 
[2.78430174 4.54388274] 
[5.61399994 6.59900032] 
[2.6680611  2.58138682] 
[6.64301281 3.04200666] 
[7.0105939  4.89803691] 
[4.23975074 4.85121749] 
[2.55682101 3.62051773] 
[6.9540008  6.42999961] 
[4.0894896  2.54493164] 
[5.19829222 3.83132981] 
[6.12301441 4.59457005] 
[4.67800013 3.16300023] 
[3.71791038 3.96633479] 
[5.66285393 5.93404926] 
17 
[2.63707068 2.82432996] 
[6.96346429 4.89978963] 
[5.41821062 2.50430897] 
[5.11617879 4.917825  ] 
[3.2869996  4.17900039] 
[5.39947045 6.2425797 ] 
[4.59723505 3.20132559] 
[5.28760817 3.58290601] 
[6.64610779 2.98233285] 
[6.9540008  6.42999961] 
[6.47136694 4.14978406] 
[4.13842614 4.69079679] 
[2.46626292 4.35107769] 
[4.0894896  2.54493164] 
[5.94324972 4.80322093] 
[6.0531899  5.86381094] 
[5.03600015 4.34099946] 
18 
[6.9540008  6.42999961] 
[5.2437392  3.30811034] 
[2.60204528 3.4614847 ] 
[5.88995706 4.90636619] 
[2.73300054 4.51999867] 
[6.00979745 5.87317296] 
[6.66163721 3.22282087] 
[4.3039899  4.89641619] 
[4.05899985 2.53400008] 
[7.0105939  4.89803691] 
[3.72671867 3.95998308] 
[5.09607349 4.32078973] 
[5.45205232 2.49607795] 
[6.83300342 2.19799844] 
[2.70283145 2.53466406] 
[6.23156271 4.28724974] 
[5.39887291 6.27253109] 
[4.53139624 2.95978654] 
19 
[5.10203154 4.70213912] 
[2.5546762  3.04898961] 
[5.44896775 2.51285325] 
[7.08771865 4.85209754] 
[2.96344753 4.59144964] 
[6.3753961  4.16462957] 
[5.20420565 3.85711511] 
[6.9540008  6.42999961] 
[6.72331332 3.14869908] 
[5.39947045 6.2425797 ] 
[4.26099985 4.58400008] 
[3.61725566 3.88216629] 
[4.0894896  2.54493164] 
[6.04997436 4.88715809] 
[2.43797967 4.05717475] 
[2.75700072 2.40299922] 
[6.84290291 2.16831691] 
[6.0531899  5.86381094] 
[4.71823656 3.15988571] 
20 
[6.00979745 5.87317296] 
[2.61119263 3.24456486] 
[6.48322944 4.07515792] 
[5.07457549 4.34835284] 
[6.6825654  2.85162321] 
[5.35739765 2.54912136] 
[2.9189347  4.63668793] 
[6.96346429 4.89978963] 
[4.49800218 3.35599933] 
[5.29484596 3.6575322 ] 
[6.9540008  6.42999961] 
[4.94272016 5.00854671] 
[2.41717979 4.1158579 ] 
[5.6140005 6.5990004] 
[2.71775685 2.43587256] 
[3.55404474 3.90835374] 
[4.0894896  2.54493164] 
[5.89900483 4.83405057] 
[5.04100016 5.96400001] 
[4.13083178 4.67882465] 
