81 
[7.10931821 6.48704059] 
[4.85699983 3.27799997] 
[2.34800085 4.35000005] 
[5.85199918 5.95399921] 
[5.37499978 4.6370008 ] 
[2.68500007 2.95600014] 
[7.00699964 3.59800026] 
[3.95799964 4.86700026] 
[7.19511305 5.1793377 ] 
[5.60842336 2.36081408] 
[4.21800197 3.81400086] 
[3.5879997  2.83199999] 
[3.32900037 3.68999988] 
[5.04100011 5.96399982] 
[6.48799949 4.22099969] 
[3.11800037 4.51199933] 
[6.84290291 2.16831691] 
[6.22999978 5.08200085] 
[4.10502912 2.56880438] 
[5.17900179 3.97500244] 
[5.55900011 6.27200023] 
[4.81806922 4.9980218 ] 
[2.44900028 3.71599981] 
[4.74799949 6.63700045] 
[2.73300008 4.52000002] 
[5.38599977 3.27899982] 
[3.61700036 3.78399981] 
[4.69999621 4.41018064] 
[2.3494505  2.84876633] 
[2.75700014 2.40299682] 
[5.16299951 2.53699992] 
[5.92200068 4.68500004] 
[6.6429996  3.04199946] 
[5.74410536 6.70902969] 
[7.10599967 4.66199997] 
[6.71400029 5.42300058] 
[6.50999946 6.49399921] 
[7.34299997 3.02099979] 
[4.04799995 4.62200006] 
[4.68399989 2.32700055] 
[6.38499997 3.70800012] 
[2.5956591  3.36265998] 
[2.51899989 4.99299989] 
[5.71399953 4.02699998] 
[3.20499723 2.51499614] 
[3.29899962 5.05599979] 
[4.07399989 2.18499996] 
[4.49799976 3.35599964] 
[5.08688589 4.36689706] 
[2.35300047 2.20800024] 
[6.78800023 6.84399983] 
[6.22400023 5.59299983] 
[4.48999897 3.06399849] 
[6.23897522 2.92395725] 
[6.57499969 4.99599906] 
[2.91100001 3.8510005 ] 
[3.61599999 4.26199908] 
[5.17700001 4.88900015] 
[4.103  4.2685] 
[5.16658329 3.78567104] 
[2.88199988 3.15299893] 
[4.83600004 2.82000032] 
[6.82499945 4.19799982] 
[5.76600039 3.57199988] 
[6.0719997 4.3490001] 
[5.37899893 2.56900052] 
[6.80200017 5.00399945] 
[4.26100059 4.58400015] 
[6.46599968 3.34300017] 
[4.13400064 3.25499953] 
[6.87264267 6.19986627] 
[3.1460731  4.25021926] 
[2.43200338 2.44800225] 
[4.77100002 3.81100004] 
[5.15753677 3.09147046] 
[6.10400243 5.928995  ] 
[4.48700417 5.08200465] 
[4.25099809 4.93900108] 
[5.80400059 5.02699989] 
[2.3769993  4.11500045] 
[5.07700083 5.68200031] 
82 
[5.45499964 4.88199964] 
[2.91100001 3.8510005 ] 
[5.70299987 2.41700006] 
[4.07399989 2.18499996] 
[6.71400029 5.42300058] 
[5.55900011 6.27200023] 
[5.1619999  3.64399999] 
[6.46599855 3.34300312] 
[3.95799964 4.86700026] 
[7.10931821 6.48704059] 
[2.81574908 3.02134673] 
[6.48799949 4.22099969] 
[6.84290291 2.16831691] 
[4.51746234 3.10312196] 
[2.51899989 4.99299989] 
[7.10599967 4.66199997] 
[4.6999982 4.4183927] 
[5.07700083 5.68200031] 
[6.6429996  3.04199946] 
[3.55382773 3.72843552] 
[6.2688085  6.07403786] 
[5.92200068 4.68500004] 
[5.61500021 3.1240003 ] 
[2.35300047 2.20800024] 
[4.74799949 6.63700045] 
[2.75699999 2.40300049] 
[6.57500464 4.99599685] 
[2.44900028 3.71599981] 
[4.732     4.9139997] 
[5.24847485 4.19663131] 
[4.21800197 3.81400086] 
[5.31242433 2.54264472] 
[2.34800085 4.35000005] 
[7.00699964 3.59800026] 
[7.34299997 3.02099979] 
[6.22399944 5.59300062] 
[3.29899962 5.05599979] 
[4.83600004 2.82000032] 
[2.50099975 3.22500012] 
[7.00099971 5.39599971] 
[3.11857509 4.34748545] 
[5.74410536 6.70902969] 
[4.09700084 2.73200031] 
[5.20311711 4.48508569] 
[3.61599999 4.26199908] 
[4.85700045 3.27799991] 
[5.85200002 5.954     ] 
[5.20661251 3.15437171] 
[4.103  4.2685] 
[5.17700002 4.88900006] 
[3.5879997  2.83199999] 
[5.71399953 4.02699998] 
[4.68399989 2.32700055] 
[4.83399973 4.07199906] 
[6.22999978 5.08200085] 
[6.23897522 2.92395725] 
[6.0719997 4.3490001] 
[6.87264267 6.19986627] 
[3.20499723 2.51499614] 
[6.78800023 6.84399983] 
[5.64299909 2.15699993] 
[2.3494505  2.84876633] 
[2.73300008 4.52000002] 
[7.21621508 5.17420729] 
[4.95500041 5.19499954] 
[5.76600039 3.57199988] 
[5.80400059 5.02699989] 
[4.05900029 2.5340013 ] 
[3.05300283 3.59200278] 
[6.30999971 4.70099971] 
[6.82499945 4.19799982] 
[4.26099978 4.58399969] 
[4.25100007 4.93899972] 
[5.71100002 5.67400004] 
[2.78899975 2.18499973] 
[6.51000035 6.494     ] 
[5.04100011 5.96399982] 
[5.17567154 3.85740863] 
[2.43200338 2.44800225] 
[4.13400064 3.25499953] 
[2.60300028 3.37600047] 
[2.3769993  4.11500045] 
83 
[5.71399953 4.02699998] 
[2.44900028 3.71599981] 
[6.50999949 6.4939998 ] 
[5.64299909 2.15699993] 
[4.26100059 4.58400015] 
[4.29300016 2.75200015] 
[6.71400086 5.42300082] 
[6.23897522 2.92395725] 
[5.55899964 6.27200016] 
[2.35300047 2.20800024] 
[3.1460731  4.25021926] 
[5.80400059 5.02699989] 
[6.82499945 4.19799982] 
[5.20661251 3.15437171] 
[5.04634376 4.392491  ] 
[6.84290291 2.16831691] 
[7.10931821 6.48704059] 
[3.61700036 3.78399981] 
[2.88199988 3.15299893] 
[2.51899989 4.99299989] 
[5.18797257 4.03425012] 
[7.34299997 3.02099979] 
[6.46599968 3.34300017] 
[3.95799949 4.867     ] 
[5.07700083 5.68200031] 
[7.35400018 4.68399978] 
[2.5956591  3.36265998] 
[4.21800197 3.81400086] 
[4.74799949 6.63700045] 
[4.07399989 2.18499996] 
[4.67349847 3.16708111] 
[6.57500464 4.99599685] 
[7.21621508 5.17420729] 
[6.08100063 5.77599975] 
[4.81806922 4.9980218 ] 
[3.5879997  2.83199999] 
[6.0719997 4.3490001] 
[3.29900032 5.05599974] 
[5.49500027 2.72500031] 
[4.103  4.2685] 
[2.34800085 4.35000005] 
[2.75699974 2.40299995] 
[2.94000034 4.72899996] 
[5.74410536 6.70902969] 
[6.22999978 5.08200085] 
[5.35493239 6.16889566] 
[4.68399989 2.32700055] 
[2.3494505  2.84876633] 
[5.31020582 2.52920337] 
[7.00699964 3.59800026] 
[5.375      4.63700022] 
[4.13400064 3.25499953] 
[3.32900037 3.68999988] 
[6.87264267 6.19986627] 
[3.20499723 2.51499614] 
[6.78800023 6.84399983] 
[4.67800008 4.27899964] 
[4.83600004 2.82000032] 
[3.61599999 4.26199908] 
[5.02499708 3.72499994] 
[6.6429996  3.04199946] 
[7.10599872 4.66199991] 
[6.30999971 4.70099971] 
[2.91100001 3.8510005 ] 
[3.11800037 4.51199933] 
[5.70299987 2.41700006] 
[5.17700001 4.88900015] 
[5.76600039 3.57199988] 
[5.85199918 5.95399921] 
[4.48700417 5.08200465] 
[5.92200068 4.68500004] 
[4.10502912 2.56880438] 
[6.38499997 3.70800012] 
[5.61500021 3.1240003 ] 
[6.31099986 6.05800046] 
[5.04100011 5.96399982] 
[4.25099809 4.93900108] 
[2.43200338 2.44800225] 
[2.68500012 2.95600033] 
[2.3769993  4.11500045] 
[5.19265506 3.8046944 ] 
[6.48799949 4.22099969] 
[2.7329996  4.52000005] 
84 
[3.61700036 3.78399981] 
[6.48799949 4.22099969] 
[6.08100063 5.77599975] 
[5.1619999  3.64399999] 
[2.28999975 3.02499973] 
[5.49500027 2.72500031] 
[2.51899989 4.99299989] 
[5.0000001  4.47751017] 
[4.09700084 2.73200031] 
[6.84290291 2.16831691] 
[3.9579997  4.86699926] 
[6.71400029 5.42300058] 
[5.04100011 5.96399982] 
[6.46599968 3.34300017] 
[7.10931821 6.48704059] 
[3.20499723 2.51499614] 
[7.35400018 4.68399978] 
[5.87401094 4.85906906] 
[2.36554529 4.14208728] 
[5.55900011 6.27200023] 
[2.5956591  3.36265998] 
[4.81806922 4.9980218 ] 
[3.11800037 4.51199933] 
[4.74799949 6.63700045] 
[4.85700045 3.27799991] 
[7.34299997 3.02099979] 
[2.35300047 2.20800024] 
[4.21800197 3.81400086] 
[5.64299909 2.15699993] 
[4.07399989 2.18499996] 
[6.06000034 4.65899979] 
[5.24847485 4.19663131] 
[7.19511305 5.1793377 ] 
[4.67800008 4.27899964] 
[2.91100001 3.8510005 ] 
[4.103  4.2685] 
[3.5879997  2.83199999] 
[5.74410536 6.70902969] 
[7.00699964 3.59800026] 
[6.23897522 2.92395725] 
[6.57500464 4.99599685] 
[5.71399953 4.02699998] 
[2.68500012 2.95600033] 
[5.38599977 3.27899982] 
[5.31020582 2.52920337] 
[6.22999978 5.08200085] 
[3.65100064 4.98599953] 
[6.87264267 6.19986627] 
[4.68399989 2.32700055] 
[6.28000005 6.13099991] 
[4.49799976 3.35599964] 
[6.0719997 4.3490001] 
[2.73300157 4.52000019] 
[3.61599999 4.26199908] 
[5.85199918 5.95399921] 
[5.76600039 3.57199988] 
[3.32900037 3.68999988] 
[4.77100002 3.81100004] 
[5.45499964 4.88199964] 
[2.44900028 3.71599981] 
[5.17700001 4.88900015] 
[4.83600004 2.82000032] 
[7.10599872 4.66199991] 
[6.38499997 3.70800012] 
[4.26100059 4.58400015] 
[6.51000035 6.494     ] 
[4.25100007 4.93899972] 
[5.15753677 3.09147046] 
[6.6429996  3.04199946] 
[5.07700083 5.68200031] 
[4.13400064 3.25499953] 
[5.70299987 2.41700006] 
[4.05900029 2.5340013 ] 
[3.1460731  4.25021926] 
[2.43200338 2.44800225] 
[6.78800023 6.84399983] 
[2.75699974 2.40299995] 
[5.17567154 3.85740863] 
[3.29900032 5.05599974] 
[2.88199988 3.15299893] 
[2.33400003 2.82400007] 
[5.28499984 4.55400028] 
[4.49000088 3.06400055] 
[6.82499945 4.19799982] 
85 
[2.44900028 3.71599981] 
[5.17700001 4.88900015] 
[6.23897522 2.92395725] 
[7.10931821 6.48704059] 
[5.38599977 3.27899982] 
[4.11116684 2.57390627] 
[6.48800031 4.2210001 ] 
[5.85199918 5.95399921] 
[3.61599999 4.26199908] 
[2.75699974 2.40299995] 
[2.73300008 4.52000002] 
[7.19511305 5.1793377 ] 
[5.16200234 3.64400026] 
[5.92200068 4.68500004] 
[4.26099978 4.58399969] 
[5.64299909 2.15699993] 
[6.46599968 3.34300017] 
[5.02499708 3.72499994] 
[7.34299997 3.02099979] 
[6.84290291 2.16831691] 
[6.2688085  6.07403786] 
[4.74799949 6.63700045] 
[5.04634376 4.392491  ] 
[2.3494505  2.84876633] 
[3.11857509 4.34748545] 
[4.83600004 2.82000032] 
[2.34800085 4.35000005] 
[5.55900011 6.27200023] 
[4.25099809 4.93900108] 
[3.61700036 3.78399981] 
[4.07399989 2.18499996] 
[6.57500464 4.99599685] 
[7.35400018 4.68399978] 
[4.4979997  3.35600009] 
[2.88199988 3.15299893] 
[5.07700083 5.68200031] 
[4.95499978 5.19500035] 
[5.16299951 2.53699992] 
[6.51000035 6.494     ] 
[3.5879997  2.83199999] 
[6.71400029 5.42300058] 
[3.29900032 5.05599974] 
[5.74410536 6.70902969] 
[2.91100001 3.8510005 ] 
[4.49000033 3.06399991] 
[5.256      4.19299963] 
[6.21500006 4.29299905] 
[6.22399944 5.59300062] 
[7.00699964 3.59800026] 
[6.6429996  3.04199946] 
[4.68399989 2.32700055] 
[2.3399999  4.88100039] 
[4.67800008 4.27899964] 
[6.22999978 5.08200085] 
[3.20499723 2.51499614] 
[5.15753677 3.09147046] 
[6.87264267 6.19986627] 
[4.103  4.2685] 
[4.85699983 3.27799997] 
[3.32900037 3.68999988] 
[2.35300047 2.20800024] 
[5.71399953 4.02699998] 
[2.43200338 2.44800225] 
[2.5956591  3.36265998] 
[4.13400064 3.25499953] 
[7.10599872 4.66199991] 
[6.38499997 3.70800012] 
[2.3769993  4.11500045] 
[5.17567154 3.85740863] 
[2.5189999  4.99299995] 
[5.76600039 3.57199988] 
[5.70299987 2.41700006] 
[5.37499978 4.6370008 ] 
[5.80400059 5.02699989] 
[6.30999971 4.70099971] 
[4.21800035 3.81399984] 
[6.78800023 6.84399983] 
[2.68500012 2.95600033] 
[4.73199966 4.91399967] 
[3.14799986 4.78200011] 
[5.37899893 2.56900052] 
[3.95799957 4.86700019] 
[3.65100064 4.98599953] 
[5.04100011 5.96399982] 
[5.73499953 4.39199998] 
86 
[3.29900032 5.05599974] 
[6.48799949 4.22099969] 
[4.68399989 2.32700055] 
[5.04100011 5.96399982] 
[3.32900037 3.68999988] 
[5.02499708 3.72499994] 
[7.10931821 6.48704059] 
[6.84290291 2.16831691] 
[4.732     4.9139997] 
[2.35300047 2.20800024] 
[7.21621508 5.17420729] 
[5.60842336 2.36081408] 
[2.34800085 4.35000005] 
[5.92200068 4.68500004] 
[6.08100002 5.7760013 ] 
[6.6429996  3.04199946] 
[2.68500012 2.95600033] 
[4.103  4.2685] 
[5.10175268 4.34403242] 
[5.35493239 6.16889566] 
[5.15753677 3.09147046] 
[3.28700022 4.17900031] 
[2.5956591  3.36265998] 
[4.49000033 3.06399991] 
[4.07399989 2.18499996] 
[7.00699964 3.59800026] 
[6.71400086 5.42300082] 
[4.11116684 2.57390627] 
[4.25099809 4.93900108] 
[5.74410536 6.70902969] 
[7.10599872 4.66199991] 
[2.5189999  4.99299995] 
[6.46599855 3.34300312] 
[7.34299997 3.02099979] 
[4.74799949 6.63700045] 
[4.21800197 3.81400086] 
[3.61700036 3.78399981] 
[5.375      4.63700022] 
[5.16200234 3.64400026] 
[6.57499969 4.99599906] 
[3.5879997  2.83199999] 
[4.26100059 4.58400015] 
[3.20499723 2.51499614] 
[2.3769993  4.11500045] 
[5.80400059 5.02699989] 
[4.69999621 4.41018064] 
[2.3494505  2.84876633] 
[7.35400018 4.68399978] 
[6.81297453 6.23337669] 
[5.85199918 5.95399921] 
[5.38599888 3.27900291] 
[5.31242433 2.54264472] 
[5.73499953 4.39199998] 
[4.85699983 3.27799997] 
[3.11799971 4.5120001 ] 
[5.17700002 4.88900006] 
[6.28000005 6.13099991] 
[2.91100001 3.8510005 ] 
[3.61599999 4.26199908] 
[6.22400023 5.59299983] 
[2.75699974 2.40299995] 
[6.78800023 6.84399983] 
[6.82499945 4.19799982] 
[6.80200017 5.00399945] 
[5.76600039 3.57199988] 
[6.07200037 4.34899988] 
[6.23897522 2.92395725] 
[2.44900028 3.71599981] 
[5.07700083 5.68200031] 
[2.73300008 4.52000002] 
[4.83600004 2.82000032] 
[5.71399953 4.02699998] 
[5.18520731 3.90103647] 
[2.88199988 3.15299893] 
[3.65100064 4.98599953] 
[5.55899964 6.27200016] 
[4.49799976 3.35599964] 
[2.43200338 2.44800225] 
[3.09199929 4.3319992 ] 
[4.13400064 3.25499953] 
[6.22999978 5.08200085] 
[4.95500041 5.19499954] 
[5.61500021 3.1240003 ] 
[2.3399999  4.88100039] 
[3.9579997  4.86699926] 
[4.48700417 5.08200465] 
87 
[3.20499723 2.51499614] 
[4.95500041 5.19499954] 
[7.00699964 3.59800026] 
[6.87264267 6.19986627] 
[2.7329996  4.52000005] 
[4.85700045 3.27799991] 
[4.26099934 4.58399992] 
[7.35400018 4.68399978] 
[5.85199918 5.95399921] 
[2.5956591  3.36265998] 
[6.33495322 4.20395046] 
[5.64299909 2.15699993] 
[4.68399989 2.32700055] 
[5.28499969 4.55400031] 
[4.74799949 6.63700045] 
[6.84290291 2.16831691] 
[4.21800197 3.81400086] 
[5.76600039 3.57199988] 
[6.22999978 5.08200085] 
[7.00099971 5.39599971] 
[2.43200338 2.44800225] 
[3.55382773 3.72843552] 
[4.69999456 4.43899452] 
[5.55900011 6.27200023] 
[5.19265506 3.8046944 ] 
[4.05900029 2.5340013 ] 
[5.61500021 3.1240003 ] 
[3.09199929 4.3319992 ] 
[6.23897522 2.92395725] 
[3.29900032 5.05599974] 
[7.10931821 6.48704059] 
[5.18382997 2.54273886] 
[6.28000005 6.13099991] 
[2.51899989 4.99299989] 
[5.74410536 6.70902969] 
[2.3769993  4.11500045] 
[6.82499945 4.19799982] 
[4.48700417 5.08200465] 
[7.34299997 3.02099979] 
[2.81574908 3.02134673] 
[5.07700083 5.68200031] 
[6.46599855 3.34300312] 
[4.51746234 3.10312196] 
[6.06000034 4.65899979] 
[2.3494505  2.84876633] 
[6.57500464 4.99599685] 
[6.6429996  3.04199946] 
[2.911      3.85100044] 
[5.87401094 4.85906906] 
[4.103  4.2685] 
[4.07399989 2.18499996] 
[2.75699999 2.40300049] 
[5.09900016 3.97600086] 
[3.5879997  2.83199999] 
[6.78800023 6.84399983] 
[5.15753677 3.09147046] 
[5.73499953 4.39199998] 
[7.21621508 5.17420729] 
[6.22400023 5.59299983] 
[5.02499708 3.72499994] 
[2.44900028 3.71599981] 
[2.94000034 4.72899996] 
[3.28700022 4.17900031] 
[4.15193143 4.97051701] 
[2.35300047 2.20800024] 
[5.3749999  4.63700017] 
[6.51000035 6.494     ] 
[4.732     4.9139997] 
[4.13400064 3.25499953] 
[3.65100064 4.98599953] 
[5.71399953 4.02699998] 
[6.71400029 5.42300058] 
[3.61599999 4.26199908] 
[5.04100011 5.96399982] 
[2.78899975 2.18499973] 
[3.11800037 4.51199933] 
[6.08100002 5.7760013 ] 
[4.83600004 2.82000032] 
[5.25599994 4.19299975] 
[5.17700002 4.88900006] 
[5.70299987 2.41700006] 
[7.10599872 4.66199991] 
[5.38599888 3.27900291] 
[5.03600067 4.34100028] 
[5.49499907 2.72499973] 
[2.34800085 4.35000005] 
[4.09700084 2.73200031] 
88 
[6.22399944 5.59300062] 
[4.21800197 3.81400086] 
[6.46599968 3.34300017] 
[2.3494505  2.84876633] 
[3.14799986 4.78200011] 
[5.49500027 2.72500031] 
[5.37499978 4.6370008 ] 
[6.57500464 4.99599685] 
[3.5879997  2.83199999] 
[2.91100001 3.8510005 ] 
[6.51000035 6.494     ] 
[5.74410536 6.70902969] 
[4.26099978 4.58399969] 
[6.84290291 2.16831691] 
[4.74799949 6.63700045] 
[5.92200468 4.68499819] 
[4.54695731 3.14217435] 
[2.75699999 2.40300049] 
[7.21621508 5.17420729] 
[5.35493239 6.16889566] 
[5.38599977 3.27899982] 
[7.34299997 3.02099979] 
[6.48799949 4.22099969] 
[4.07399989 2.18499996] 
[7.13625856 6.46829266] 
[2.3769993  4.11500045] 
[5.02500124 3.72499922] 
[3.61700036 3.78399981] 
[5.07700083 5.68200031] 
[4.84300287 4.50100288] 
[2.44900028 3.71599981] 
[2.3399999  4.88100039] 
[4.95500041 5.19499954] 
[5.71399953 4.02699998] 
[6.23897522 2.92395725] 
[5.64299909 2.15699993] 
[6.71400029 5.42300058] 
[2.35300047 2.20800024] 
[7.10599872 4.66199991] 
[4.68399989 2.32700055] 
[4.29300016 2.75200015] 
[2.34800085 4.35000005] 
[5.07669654 4.36561029] 
[3.11857509 4.34748545] 
[4.15193143 4.97051701] 
[4.73199992 4.91399979] 
[3.61599999 4.26199908] 
[3.65100064 4.98599953] 
[5.80400059 5.02699989] 
[2.81574908 3.02134673] 
[3.20499723 2.51499614] 
[5.10699949 3.188     ] 
[4.67800008 4.27899964] 
[5.85200045 5.95400011] 
[4.103  4.2685] 
[4.13400064 3.25499953] 
[7.00699964 3.59800026] 
[7.35400018 4.68399978] 
[5.18070308 3.84304449] 
[3.05300283 3.59200278] 
[4.83600004 2.82000032] 
[5.31020582 2.52920337] 
[6.82499945 4.19799982] 
[5.6605 5.7905] 
[2.9399996  4.72899992] 
[2.5956591  3.36265998] 
[6.28000005 6.13099991] 
[2.78899975 2.18499973] 
[6.38499997 3.70800012] 
[4.10502912 2.56880438] 
[6.07200037 4.34899988] 
[7.01299694 6.64600207] 
[6.6429996  3.04199946] 
[2.43200338 2.44800225] 
[5.76600039 3.57199988] 
[5.70299987 2.41700006] 
[2.5189999  4.99299995] 
[5.256      4.19299963] 
[6.87264267 6.19986627] 
[6.22999978 5.08200085] 
[5.73499953 4.39199998] 
[5.17700002 4.88900006] 
[5.55899964 6.27200016] 
[7.00099971 5.39599971] 
[5.04100011 5.96399982] 
[2.7329996  4.52000005] 
[3.29900032 5.05599974] 
[3.32900043 3.68999988] 
89 
[5.04100011 5.96399982] 
[3.32900037 3.68999988] 
[6.46599968 3.34300017] 
[6.71400029 5.42300058] 
[5.16200004 3.64399954] 
[4.68399989 2.32700055] 
[2.5956591  3.36265998] 
[2.73299946 4.5199999 ] 
[5.17700002 4.88900006] 
[6.28000005 6.13099991] 
[2.75699999 2.40300049] 
[7.10931821 6.48704059] 
[4.15193143 4.97051701] 
[6.57499969 4.99599906] 
[4.103  4.2685] 
[5.15753677 3.09147046] 
[6.84290291 2.16831691] 
[5.70299987 2.41700006] 
[4.51746234 3.10312196] 
[5.55900011 6.27200023] 
[3.85300001 2.28800001] 
[7.21621508 5.17420729] 
[5.7245 4.2095] 
[6.82499945 4.19799982] 
[4.74799949 6.63700045] 
[7.00699964 3.59800026] 
[3.11800037 4.51199933] 
[4.11116684 2.57390627] 
[5.80400059 5.02699989] 
[4.83399973 4.07199906] 
[7.34299997 3.02099979] 
[2.36462537 4.13132224] 
[2.3494505  2.84876633] 
[4.84300287 4.50100288] 
[7.35400018 4.68399978] 
[5.85200002 5.954     ] 
[5.31242433 2.54264472] 
[4.40100472 3.65400409] 
[2.35300047 2.20800024] 
[2.51899989 4.99299989] 
[5.74410536 6.70902969] 
[6.07200037 4.34899988] 
[3.28700022 4.17900031] 
[6.23897522 2.92395725] 
[5.37499978 4.6370008 ] 
[3.29900032 5.05599974] 
[3.5879997  2.83199999] 
[4.95500057 5.19499975] 
[5.18070308 3.84304449] 
[6.87264267 6.19986627] 
[5.76600039 3.57199988] 
[4.26099978 4.58399969] 
[5.38599888 3.27900291] 
[5.256      4.19299963] 
[2.91100001 3.8510005 ] 
[3.61700036 3.78399981] 
[6.08100002 5.7760013 ] 
[3.20499723 2.51499614] 
[6.78800023 6.84399983] 
[6.6429996  3.04199946] 
[2.81574908 3.02134673] 
[5.07700083 5.68200031] 
[6.38499997 3.70800012] 
[4.85700045 3.27799991] 
[5.64299909 2.15699993] 
[3.61599999 4.26199908] 
[2.44900028 3.71599981] 
[5.07669654 4.36561029] 
[2.94000034 4.72899996] 
[2.43200338 2.44800225] 
[7.00099971 5.39599971] 
[6.80200017 5.00399945] 
[6.22999978 5.08200085] 
[3.65100064 4.98599953] 
[4.83600004 2.82000032] 
[2.78899975 2.18499973] 
[4.13400064 3.25499953] 
[4.21800035 3.81399984] 
[7.10599872 4.66199991] 
[4.67799997 4.2790007 ] 
[5.71100002 5.67400004] 
[6.51000035 6.494     ] 
[4.07400032 2.18499996] 
[5.61500021 3.1240003 ] 
[5.92200068 4.68500004] 
[3.09199929 4.3319992 ] 
[6.48799949 4.22099969] 
[4.73199966 4.91399967] 
[6.22400023 5.59299983] 
90 
[2.5956591  3.36265998] 
[6.57499969 4.99599906] 
[4.85700045 3.27799991] 
[6.78800023 6.84399983] 
[4.732     4.9139997] 
[2.94000034 4.72899996] 
[6.83000021 3.4190003 ] 
[5.74410536 6.70902969] 
[4.68399989 2.32700055] 
[4.67800008 4.27899964] 
[3.20499723 2.51499614] 
[5.64299909 2.15699993] 
[6.08100063 5.77599975] 
[3.61700036 3.78399981] 
[5.18070308 3.84304449] 
[2.35300047 2.20800024] 
[6.84290291 2.16831691] 
[7.21621508 5.17420729] 
[2.34800085 4.35000005] 
[3.95799964 4.86700026] 
[5.07700083 5.68200031] 
[6.48799949 4.22099969] 
[4.74799949 6.63700045] 
[6.22999978 5.08200085] 
[5.15753677 3.09147046] 
[6.87264267 6.19986627] 
[5.73499953 4.39199998] 
[3.85300001 2.28800001] 
[5.49499907 2.72499973] 
[5.37499978 4.6370008 ] 
[6.23900026 2.92399991] 
[7.34299997 3.02099979] 
[3.09199929 4.3319992 ] 
[4.40100472 3.65400409] 
[7.23961881 4.68872672] 
[2.3494505  2.84876633] 
[4.26099978 4.58399969] 
[6.71400086 5.42300082] 
[6.46599855 3.34300312] 
[4.11116684 2.57390627] 
[3.32900037 3.68999988] 
[5.07669654 4.36561029] 
[5.35493239 6.16889566] 
[2.51899989 4.99299989] 
[5.87400067 4.85600011] 
[6.28000005 6.13099991] 
[5.18382997 2.54273886] 
[2.88199988 3.15299893] 
[3.61599999 4.26199908] 
[2.44900028 3.71599981] 
[4.49000088 3.06400055] 
[5.76600039 3.57199988] 
[5.38599888 3.27900291] 
[5.17700002 4.88900006] 
[3.5879997  2.83199999] 
[5.85199918 5.95399921] 
[6.6429996  3.04199946] 
[4.103  4.2685] 
[2.68500007 2.95600014] 
[6.51000035 6.494     ] 
[3.11800037 4.51199933] 
[5.256      4.19299963] 
[6.9540089  4.64700881] 
[4.25100007 4.93899972] 
[2.3769993  4.11500045] 
[5.02500124 3.72499922] 
[4.21800035 3.81399984] 
[7.10931821 6.48704059] 
[5.71399953 4.02699998] 
[3.29900032 5.05599974] 
[6.82499945 4.19799982] 
[6.80200017 5.00399945] 
[2.43200338 2.44800225] 
[6.07200037 4.34899988] 
[2.91100001 3.8510005 ] 
[5.04100011 5.96399982] 
[4.49799976 3.35599964] 
[4.13400064 3.25499953] 
[4.83600004 2.82000032] 
[5.55899964 6.27200016] 
[3.28700022 4.17900031] 
[4.95500041 5.19499954] 
[5.70299987 2.41700006] 
[2.75700014 2.40299682] 
[4.84300287 4.50100288] 
[7.00699843 3.5979984 ] 
[6.10100021 2.6880003 ] 
[5.61500021 3.1240003 ] 
[4.07400032 2.18499996] 
[2.7329996  4.52000005] 
91 
[5.60842336 2.36081408] 
[3.28700022 4.17900031] 
[6.22400023 5.59299983] 
[4.83399994 4.07199941] 
[2.75699999 2.40300049] 
[4.09700084 2.73200031] 
[6.84290291 2.16831691] 
[7.35400018 4.68399978] 
[4.95500041 5.19499954] 
[5.55899964 6.27200016] 
[7.13625856 6.46829266] 
[6.57499969 4.99599906] 
[5.15753677 3.09147046] 
[2.3769993  4.11500045] 
[7.00699964 3.59800026] 
[2.73300008 4.52000002] 
[5.73499953 4.39199998] 
[2.5956591  3.36265998] 
[5.18070308 3.84304449] 
[4.103  4.2685] 
[6.46599968 3.34300017] 
[3.9579997  4.86699926] 
[5.04100011 5.96399982] 
[6.82499945 4.19799982] 
[6.25000442 6.30100665] 
[5.85199918 5.95399921] 
[7.00099971 5.39599971] 
[2.3494505  2.84876633] 
[4.07399989 2.18499996] 
[5.20781656 4.47580078] 
[4.49799976 3.35599964] 
[7.34299997 3.02099979] 
[3.5879997  2.83199999] 
[4.74799949 6.63700045] 
[6.48799949 4.22099969] 
[3.55382773 3.72843552] 
[5.80399958 5.02699983] 
[4.6999982 4.4183927] 
[4.732     4.9139997] 
[4.21800197 3.81400086] 
[6.23897522 2.92395725] 
[7.21621508 5.17420729] 
[5.38599977 3.27899982] 
[2.35300047 2.20800024] 
[4.68399989 2.32700055] 
[2.91100001 3.8510005 ] 
[5.31242433 2.54264472] 
[5.74410536 6.70902969] 
[6.87264267 6.19986627] 
[2.34800085 4.35000005] 
[5.87400039 4.85600013] 
[2.51899989 4.99299989] 
[3.29900032 5.05599974] 
[3.11799971 4.5120001 ] 
[3.61599999 4.26199908] 
[7.10599872 4.66199991] 
[7.01299694 6.64600207] 
[4.05900029 2.5340013 ] 
[6.6429996  3.04199946] 
[2.68500045 2.95599991] 
[5.76600039 3.57199988] 
[5.07700083 5.68200031] 
[3.20499723 2.51499614] 
[4.85700045 3.27799991] 
[6.38499997 3.70800012] 
[5.92200068 4.68500004] 
[6.31099986 6.05800046] 
[2.43200338 2.44800225] 
[5.35493239 6.16889566] 
[4.26100059 4.58400015] 
[6.07200037 4.34899988] 
[6.80200017 5.00399945] 
[5.12099964 4.29899931] 
[5.3749999  4.63700017] 
[4.13400064 3.25499953] 
[4.25100007 4.93899972] 
[3.09199929 4.3319992 ] 
[5.71399953 4.02699998] 
[6.71400029 5.42300058] 
[5.17700002 4.88900006] 
[4.49000088 3.06400055] 
[3.65100064 4.98599953] 
[6.08100002 5.7760013 ] 
[2.88199988 3.15299893] 
[6.22999978 5.08200085] 
[4.83600004 2.82000032] 
[2.44900028 3.71599981] 
[2.78899975 2.18499973] 
[6.51000035 6.494     ] 
[3.05300283 3.59200278] 
[5.02500124 3.72499922] 
92 
[5.31242433 2.54264472] 
[6.71400029 5.42300058] 
[3.11800037 4.51199933] 
[5.04634376 4.392491  ] 
[2.3494505  2.84876633] 
[6.6429996  3.04199946] 
[5.80400059 5.02699989] 
[5.07700083 5.68200031] 
[6.51000035 6.494     ] 
[6.9540089  4.64700881] 
[4.29300004 2.75200032] 
[4.25099809 4.93900108] 
[3.20499723 2.51499614] 
[4.21800197 3.81400086] 
[5.02499708 3.72499994] 
[2.3769993  4.11500045] 
[5.55899964 6.27200016] 
[6.48799949 4.22099969] 
[6.84290291 2.16831691] 
[4.95500041 5.19499954] 
[2.44900028 3.71599981] 
[2.75699974 2.40299995] 
[6.08100063 5.77599975] 
[5.38599977 3.27899982] 
[3.61599999 4.26199908] 
[6.95400162 6.42999992] 
[2.73300008 4.52000002] 
[7.34299997 3.02099979] 
[3.5879997  2.83199999] 
[4.07399989 2.18499996] 
[5.28503616 4.55401922] 
[6.57500162 4.99600029] 
[4.74799949 6.63700045] 
[2.91100001 3.8510005 ] 
[7.21621508 5.17420729] 
[5.71399953 4.02699998] 
[4.26100059 4.58400015] 
[4.49000088 3.06400055] 
[2.68500012 2.95600033] 
[5.60842336 2.36081408] 
[5.74410536 6.70902969] 
[6.38499997 3.70800012] 
[3.65100064 4.98599953] 
[4.68399989 2.32700055] 
[6.82499945 4.19799982] 
[4.103  4.2685] 
[5.10699949 3.188     ] 
[6.25000442 6.30100665] 
[7.00699964 3.59800026] 
[5.71100002 5.67400004] 
[6.53499977 4.79799959] 
[5.76600039 3.57199988] 
[3.05300283 3.59200278] 
[2.51899989 4.99299989] 
[5.17900305 3.97499121] 
[2.43200338 2.44800225] 
[7.23961881 4.68872672] 
[6.23897522 2.92395725] 
[3.32900043 3.68999988] 
[4.67800008 4.27899964] 
[6.07200037 4.34899988] 
[4.10502912 2.56880438] 
[4.48700417 5.08200465] 
[3.61700036 3.78399981] 
[4.13400064 3.25499953] 
[2.5956591  3.36265998] 
[4.83600004 2.82000032] 
[5.04100011 5.96399982] 
[6.87264267 6.19986627] 
[4.732     4.9139997] 
[3.29900032 5.05599974] 
[6.78800023 6.84399983] 
[6.22999978 5.08200085] 
[5.73499953 4.39199998] 
[7.00099971 5.39599971] 
[3.28700022 4.17900031] 
[4.49799976 3.35599964] 
[5.92200068 4.68500004] 
[2.34800085 4.35000005] 
[2.35300047 2.20800024] 
[2.88199988 3.15299893] 
[5.85200002 5.954     ] 
[5.35493239 6.16889566] 
[6.31099986 6.05800046] 
[7.17199835 6.495     ] 
[3.9579997  4.86699926] 
[3.14799986 4.78200011] 
[3.09199929 4.3319992 ] 
[6.46599968 3.34300017] 
[5.16200234 3.64400026] 
[5.45499964 4.88199964] 
[5.17700002 4.88900006] 
93 
[3.61599999 4.26199908] 
[7.21621508 5.17420729] 
[5.16299951 2.53699992] 
[5.55899964 6.27200016] 
[2.88199988 3.15299893] 
[6.48799949 4.22099969] 
[5.18070308 3.84304449] 
[6.6429996  3.04199946] 
[6.87264267 6.19986627] 
[2.91100001 3.8510005 ] 
[4.05900029 2.5340013 ] 
[4.67800008 4.27899964] 
[5.92200068 4.68500004] 
[5.37499978 4.6370008 ] 
[4.732     4.9139997] 
[2.94000034 4.72899996] 
[2.56000011 2.24599937] 
[4.49000033 3.06399991] 
[6.84290291 2.16831691] 
[6.31099986 6.05800046] 
[2.5956591  3.36265998] 
[5.20661251 3.15437171] 
[5.07700083 5.68200031] 
[4.74799949 6.63700045] 
[2.3769993  4.11500045] 
[3.9579997  4.86699926] 
[3.20499723 2.51499614] 
[5.60842336 2.36081408] 
[7.34299997 3.02099979] 
[3.61700036 3.78399981] 
[6.80200017 5.00399945] 
[2.51899989 4.99299989] 
[4.21800035 3.81399984] 
[5.85200017 5.95399945] 
[2.3494505  2.84876633] 
[6.78800023 6.84399983] 
[6.22999978 5.08200085] 
[6.46599855 3.34300312] 
[7.00699843 3.5979984 ] 
[3.5879997  2.83199999] 
[3.29900032 5.05599974] 
[6.9540089  4.64700881] 
[7.10931821 6.48704059] 
[6.10100021 2.6880003 ] 
[5.02500124 3.72499922] 
[4.68399989 2.32700055] 
[6.71400029 5.42300058] 
[4.25099809 4.93900108] 
[5.24847485 4.19663131] 
[5.71399953 4.02699998] 
[3.09199929 4.3319992 ] 
[5.80400059 5.02699989] 
[5.74410536 6.70902969] 
[5.76600039 3.57199988] 
[6.25000442 6.30100665] 
[7.23961881 4.68872672] 
[4.07399989 2.18499996] 
[4.26100059 4.58400015] 
[5.17700002 4.88900006] 
[3.32900037 3.68999988] 
[4.103  4.2685] 
[4.13400064 3.25499953] 
[6.82499945 4.19799982] 
[2.44900028 3.71599981] 
[2.43200338 2.44800225] 
[4.70170596 3.22221327] 
[5.37899893 2.56900052] 
[2.75699999 2.40300049] 
[6.08100002 5.7760013 ] 
[5.03417128 4.45704107] 
[4.83600004 2.82000032] 
[5.35493239 6.16889566] 
[6.22400023 5.59299983] 
[6.57499969 4.99599906] 
[5.73499953 4.39199998] 
[6.51000035 6.494     ] 
[3.65100064 4.98599953] 
[4.95500041 5.19499954] 
[5.61500021 3.1240003 ] 
[6.07200037 4.34899988] 
[2.68500045 2.95599991] 
[4.09700084 2.73200031] 
[2.7329996  4.52000005] 
[5.6605 5.7905] 
[3.11800037 4.51199933] 
[6.83000021 3.4190003 ] 
[7.00099971 5.39599971] 
[6.23900026 2.92399991] 
[4.40100472 3.65400409] 
[3.28700022 4.17900031] 
[5.04100011 5.96399982] 
[2.34800085 4.35000005] 
[4.48700417 5.08200465] 
94 
[4.83399973 4.07199906] 
[5.71100002 5.67400004] 
[2.5956591  3.36265998] 
[5.18382997 2.54273886] 
[6.46599968 3.34300017] 
[2.73300008 4.52000002] 
[7.00099971 5.39599971] 
[4.26099978 4.58399969] 
[3.5879997  2.83199999] 
[6.25000442 6.30100665] 
[6.48799949 4.22099969] 
[2.43252178 2.44136715] 
[5.55899964 6.27200016] 
[4.29300004 2.75200032] 
[6.84290291 2.16831691] 
[3.1460731  4.25021926] 
[5.17700002 4.88900006] 
[7.10931821 6.48704059] 
[6.30999971 4.70099971] 
[7.10599872 4.66199991] 
[5.16300061 3.82800011] 
[3.61700036 3.78399981] 
[7.00699843 3.5979984 ] 
[2.3769993  4.11500045] 
[4.74799949 6.63700045] 
[4.21800197 3.81400086] 
[4.85699983 3.27799997] 
[4.07399989 2.18499996] 
[5.04100011 5.96399982] 
[7.34299997 3.02099979] 
[5.49499907 2.72499973] 
[6.23897522 2.92395725] 
[5.80400059 5.02699989] 
[5.60842336 2.36081408] 
[2.81574908 3.02134673] 
[2.5189999  4.99299995] 
[6.07200037 4.34899988] 
[5.28499953 4.55399972] 
[3.29899962 5.05599979] 
[5.61500021 3.1240003 ] 
[3.20499723 2.51499614] 
[4.732     4.9139997] 
[3.05300283 3.59200278] 
[4.25100007 4.93899972] 
[6.87264267 6.19986627] 
[4.68399989 2.32700055] 
[3.61599999 4.26199908] 
[6.22400023 5.59299983] 
[2.44900028 3.71599981] 
[5.74410536 6.70902969] 
[6.57500464 4.99599685] 
[6.22999978 5.08200085] 
[6.78800023 6.84399983] 
[5.20661251 3.15437171] 
[2.3494505  2.84876633] 
[7.21621508 5.17420729] 
[5.92200068 4.68500004] 
[2.78899948 2.18500022] 
[4.103  4.2685] 
[3.32900043 3.68999988] 
[6.08100002 5.7760013 ] 
[4.13400064 3.25499953] 
[5.71399953 4.02699998] 
[7.35400018 4.68399978] 
[4.95500041 5.19499954] 
[3.11800037 4.51199933] 
[4.6999982 4.4183927] 
[6.6429996  3.04199946] 
[5.76600039 3.57199988] 
[5.3749999  4.63700017] 
[2.3399999  4.88100039] 
[2.75699999 2.40300049] 
[4.49000033 3.06399991] 
[2.91100001 3.8510005 ] 
[5.18797257 4.03425012] 
[6.38499997 3.70800012] 
[6.51000035 6.494     ] 
[5.35493239 6.16889566] 
[3.65100064 4.98599953] 
[3.95799957 4.86700019] 
[5.07700083 5.68200031] 
[4.49799976 3.35599964] 
[4.10502912 2.56880438] 
[2.34800085 4.35000005] 
[5.03600067 4.34100028] 
[5.85200002 5.954     ] 
[6.82499945 4.19799982] 
[6.71400029 5.42300058] 
[6.83000021 3.4190003 ] 
[4.83600004 2.82000032] 
[5.73499953 4.39199998] 
[5.16200004 3.64399954] 
[6.31099986 6.05800046] 
[5.43499971 4.34499971] 
95 
[5.74410536 6.70902969] 
[5.1619999  3.64399999] 
[2.91100001 3.8510005 ] 
[6.82499945 4.19799982] 
[3.85300001 2.28800001] 
[4.84300287 4.50100288] 
[6.87264267 6.19986627] 
[6.23897522 2.92395725] 
[2.68500012 2.95600033] 
[5.31242433 2.54264472] 
[5.80400059 5.02699989] 
[3.95799957 4.86700019] 
[7.35400018 4.68399978] 
[2.3399999  4.88100039] 
[5.04100011 5.96399982] 
[7.34299997 3.02099979] 
[4.29300004 2.75200032] 
[3.29899962 5.05599979] 
[3.61599999 4.26199908] 
[5.85200017 5.95399945] 
[6.84290291 2.16831691] 
[6.71400029 5.42300058] 
[2.3769993  4.11500045] 
[4.74799949 6.63700045] 
[4.732     4.9139997] 
[4.40100472 3.65400409] 
[2.43200338 2.44800225] 
[2.5956591  3.36265998] 
[5.76600039 3.57199988] 
[5.37499978 4.6370008 ] 
[3.20499723 2.51499614] 
[5.15753677 3.09147046] 
[7.00699964 3.59800026] 
[6.30999971 4.70099971] 
[6.28000005 6.13099991] 
[7.10931821 6.48704059] 
[7.21621508 5.17420729] 
[5.256      4.19299963] 
[4.49000033 3.06399991] 
[6.38499997 3.70800012] 
[3.32900037 3.68999988] 
[3.1460731  4.25021926] 
[6.07200037 4.34899988] 
[5.64299909 2.15699993] 
[4.83399973 4.07199906] 
[5.55899964 6.27200016] 
[6.22400023 5.59299983] 
[3.5879997  2.83199999] 
[5.73499953 4.39199998] 
[4.04799995 4.62200006] 
[2.75699974 2.40299995] 
[6.22999978 5.08200085] 
[5.17700002 4.88900006] 
[3.61700036 3.78399981] 
[6.57499992 4.9959993 ] 
[4.26100059 4.58400015] 
[6.6429996  3.04199946] 
[6.78800023 6.84399983] 
[2.44900028 3.71599981] 
[2.3494505  2.84876633] 
[4.68399989 2.32700055] 
[5.92200068 4.68500004] 
[2.88199988 3.15299893] 
[4.85699983 3.27799997] 
[6.51000035 6.494     ] 
[5.17567154 3.85740863] 
[4.95500041 5.19499954] 
[2.73300008 4.52000002] 
[4.21800035 3.81399984] 
[7.10599872 4.66199991] 
[4.83600004 2.82000032] 
[4.10502912 2.56880438] 
[4.07400032 2.18499996] 
[3.11800037 4.51199933] 
[2.34800085 4.35000005] 
[5.70299987 2.41700006] 
[5.35493239 6.16889566] 
[6.80200017 5.00399945] 
[4.103  4.2685] 
[4.13400064 3.25499953] 
[4.25100007 4.93899972] 
[3.65100064 4.98599953] 
[5.07700083 5.68200031] 
[5.71399953 4.02699998] 
[4.49799976 3.35599964] 
[5.07669654 4.36561029] 
[7.00099971 5.39599971] 
[6.48799949 4.22099969] 
[4.67799997 4.2790007 ] 
[5.6605 5.7905] 
[2.35300047 2.20800024] 
[2.5189999  4.99299995] 
[6.46599968 3.34300017] 
[6.08100002 5.7760013 ] 
[5.38599977 3.27899982] 
96 
[2.3494505  2.84876633] 
[5.04100011 5.96399982] 
[7.00699964 3.59800026] 
[4.40100472 3.65400409] 
[2.51899989 4.99299989] 
[5.03417128 4.45704107] 
[7.13625856 6.46829266] 
[5.37899893 2.56900052] 
[6.57499969 4.99599906] 
[3.11800037 4.51199933] 
[6.6429996  3.04199946] 
[3.5879997  2.83199999] 
[2.44900028 3.71599981] 
[6.25000442 6.30100665] 
[3.61599999 4.26199908] 
[5.16300051 3.82800038] 
[4.26099934 4.58399992] 
[7.21621508 5.17420729] 
[4.48999897 3.06399849] 
[6.84290291 2.16831691] 
[6.38499997 3.70800012] 
[5.92200068 4.68500004] 
[5.55899964 6.27200016] 
[2.75699974 2.40299995] 
[4.07399989 2.18499996] 
[5.85200017 5.95399945] 
[4.48700417 5.08200465] 
[5.38599977 3.27899982] 
[4.74799949 6.63700045] 
[6.07200037 4.34899988] 
[2.34800085 4.35000005] 
[4.95500041 5.19499954] 
[2.96299907 2.91599906] 
[3.32900037 3.68999988] 
[6.22999978 5.08200085] 
[4.68399989 2.32700055] 
[6.71400029 5.42300058] 
[7.34299997 3.02099979] 
[3.65100064 4.98599953] 
[4.6279999  4.41599948] 
[2.73300008 4.52000002] 
[2.91100001 3.8510005 ] 
[6.82499945 4.19799982] 
[7.10599872 4.66199991] 
[2.3769993  4.11500045] 
[5.73499953 4.39199998] 
[5.64299909 2.15699993] 
[5.74410536 6.70902969] 
[3.20499723 2.51499614] 
[4.10502912 2.56880438] 
[4.85700045 3.27799991] 
[7.01299694 6.64600207] 
[4.13400064 3.25499953] 
[2.43200338 2.44800225] 
[6.87264267 6.19986627] 
[4.103  4.2685] 
[6.10100021 2.6880003 ] 
[4.732     4.9139997] 
[4.77100002 3.81100004] 
[5.22703552 4.20170191] 
[6.80200017 5.00399945] 
[5.80400059 5.02699989] 
[6.08100063 5.77599975] 
[5.15753677 3.09147046] 
[3.61700036 3.78399981] 
[5.71399953 4.02699998] 
[6.48799949 4.22099969] 
[5.45499964 4.88199964] 
[4.15193143 4.97051701] 
[4.21800035 3.81399984] 
[6.46599968 3.34300017] 
[3.29899962 5.05599979] 
[5.76600039 3.57199988] 
[3.09199929 4.3319992 ] 
[2.35300047 2.20800024] 
[2.5956591  3.36265998] 
[5.07700083 5.68200031] 
[4.83600004 2.82000032] 
[5.35493239 6.16889566] 
[5.17700002 4.88900006] 
[4.67799899 3.16300079] 
[5.70299987 2.41700006] 
[5.71100002 5.67400004] 
[2.68500012 2.95600033] 
[6.51000035 6.494     ] 
[7.00099971 5.39599971] 
[5.16299951 2.53699992] 
[5.33   4.5955] 
[5.43499971 4.34499971] 
[3.28700022 4.17900031] 
[6.31099986 6.05800046] 
[6.23900026 2.92399991] 
[5.61000002 5.90700004] 
[7.35400018 4.68399978] 
[4.83399994 4.07199941] 
[2.88199989 3.15300051] 
97 
[6.22999978 5.08200085] 
[2.5956591  3.36265998] 
[5.16299951 2.53699992] 
[4.26100059 4.58400015] 
[6.87264267 6.19986627] 
[6.84290291 2.16831691] 
[5.55899964 6.27200016] 
[5.16299988 3.82800114] 
[3.11800037 4.51199933] 
[3.5879997  2.83199999] 
[6.82499945 4.19799982] 
[2.43200338 2.44800225] 
[7.21621508 5.17420729] 
[6.23897522 2.92395725] 
[4.05900029 2.5340013 ] 
[4.49799976 3.35599964] 
[2.51899989 4.99299989] 
[5.33   4.5955] 
[7.34299997 3.02099979] 
[2.36554529 4.14208728] 
[3.61599999 4.26199908] 
[5.38599888 3.27900291] 
[5.07700083 5.68200031] 
[4.21800035 3.81399984] 
[4.74799949 6.63700045] 
[5.71100002 5.67400004] 
[7.01300003 6.64600003] 
[4.732     4.9139997] 
[3.9579997  4.86699926] 
[6.07200037 4.34899988] 
[3.05300283 3.59200278] 
[6.38499997 3.70800012] 
[7.00699964 3.59800026] 
[5.64299909 2.15699993] 
[2.7746976  2.97415551] 
[3.55382773 3.72843552] 
[6.71400029 5.42300058] 
[7.10599967 4.66199997] 
[5.74410536 6.70902969] 
[4.07399989 2.18499996] 
[6.08100063 5.77599975] 
[4.68399989 2.32700055] 
[6.53499977 4.79799959] 
[6.28000005 6.13099991] 
[3.29900032 5.05599974] 
[5.92200068 4.68500004] 
[2.75699974 2.40299995] 
[5.256      4.19299963] 
[4.49000033 3.06399991] 
[4.95500017 5.19499945] 
[2.7329996  4.52000005] 
[5.73499953 4.39199998] 
[4.84300287 4.50100288] 
[5.76600039 3.57199988] 
[2.91100001 3.8510005 ] 
[4.103  4.2685] 
[5.70299987 2.41700006] 
[2.3494505  2.84876633] 
[3.20499723 2.51499614] 
[5.17700001 4.88900015] 
[5.80400059 5.02699989] 
[5.37899893 2.56900052] 
[5.29399992 3.86599768] 
[5.71399953 4.02699998] 
[4.83600004 2.82000032] 
[4.25099809 4.93900108] 
[2.94000034 4.72899996] 
[6.6429996  3.04199946] 
[5.04100011 5.96399982] 
[6.51000035 6.494     ] 
[3.28700022 4.17900031] 
[2.44900028 3.71599981] 
[4.09700084 2.73200031] 
[6.95400162 6.42999992] 
[4.13400064 3.25499953] 
[3.65100064 4.98599953] 
[5.45499964 4.88199964] 
[5.16200004 3.64399954] 
[4.85699983 3.27799997] 
[5.15753677 3.09147046] 
[5.05200098 4.48799996] 
[5.35493239 6.16889566] 
[6.57500162 4.99600029] 
[4.40100472 3.65400409] 
[4.67800008 4.27899964] 
[2.35300047 2.20800024] 
[5.85200002 5.954     ] 
[4.77100002 3.81100004] 
[7.00099971 5.39599971] 
[6.78800023 6.84399983] 
[5.03600058 4.34099964] 
[7.172      6.49500018] 
[4.48700417 5.08200465] 
[5.61500021 3.1240003 ] 
[3.09199929 4.3319992 ] 
[6.48799949 4.22099969] 
[6.46599968 3.34300017] 
98 
[4.95500041 5.19499954] 
[2.88199988 3.15299893] 
[5.17900039 2.99899988] 
[6.71400086 5.42300082] 
[6.83000021 3.4190003 ] 
[2.7329996  4.52000005] 
[4.83399973 4.07199906] 
[5.55899964 6.27200016] 
[5.73499953 4.39199998] 
[4.11116684 2.57390627] 
[3.61599999 4.26199908] 
[2.75699974 2.40299995] 
[7.01300003 6.64600003] 
[6.84290291 2.16831691] 
[7.10599872 4.66199991] 
[6.23897522 2.92395725] 
[4.26099934 4.58399992] 
[5.80400059 5.02699989] 
[6.28000005 6.13099991] 
[5.64299909 2.15699993] 
[5.18797257 4.03425012] 
[4.74799949 6.63700045] 
[2.44900028 3.71599981] 
[6.38499997 3.70800012] 
[5.31242433 2.54264472] 
[4.84300287 4.50100288] 
[7.21621508 5.17420729] 
[3.11800037 4.51199933] 
[4.13400064 3.25499953] 
[2.50099975 3.22500012] 
[5.17700002 4.88900006] 
[5.07700083 5.68200031] 
[3.5879997  2.83199999] 
[5.71100002 5.67400004] 
[2.3769993  4.11500045] 
[7.34299997 3.02099979] 
[3.32900043 3.68999988] 
[3.29900032 5.05599974] 
[2.51899989 4.99299989] 
[5.38599888 3.27900291] 
[4.49000033 3.06399991] 
[6.07200037 4.34899988] 
[6.87264267 6.19986627] 
[6.6429996  3.04199946] 
[4.68399989 2.32700055] 
[4.48700417 5.08200465] 
[4.40100472 3.65400409] 
[6.82499945 4.19799982] 
[4.07399989 2.18499996] 
[5.1755904  3.80788236] 
[3.1460731  4.25021926] 
[6.57500464 4.99599685] 
[5.33   4.5955] 
[2.3494505  2.84876633] 
[6.08100002 5.7760013 ] 
[2.43200338 2.44800225] 
[5.74410536 6.70902969] 
[5.92200068 4.68500004] 
[4.15193143 4.97051701] 
[3.20499723 2.51499614] 
[2.94000034 4.72899996] 
[4.103  4.2685] 
[6.22999978 5.08200085] 
[5.70299987 2.41700006] 
[2.73601    2.71600892] 
[6.95400162 6.42999992] 
[6.46599968 3.34300017] 
[5.76600039 3.57199988] 
[3.61700036 3.78399981] 
[4.732     4.9139997] 
[7.35400018 4.68399978] 
[5.07669654 4.36561029] 
[2.91100001 3.8510005 ] 
[5.10700034 3.18799993] 
[3.65100064 4.98599953] 
[5.71399953 4.02699998] 
[4.6279999  4.41599948] 
[2.60300028 3.37600047] 
[4.83600004 2.82000032] 
[5.35493239 6.16889566] 
[6.51000035 6.494     ] 
[4.70170596 3.22221327] 
[5.61500021 3.1240003 ] 
[4.21800035 3.81399984] 
[7.172      6.49500018] 
[2.34800085 4.35000005] 
[3.05300283 3.59200278] 
[5.04100011 5.96399982] 
[6.78800023 6.84399983] 
[6.48799949 4.22099969] 
[6.30999971 4.70099971] 
[2.68500045 2.95599991] 
[6.22400023 5.59299983] 
[7.00699843 3.5979984 ] 
[5.45499964 4.88199964] 
[5.43499971 4.34499971] 
[5.85200002 5.954     ] 
[2.35300047 2.20800024] 
99 
[2.5956591  3.36265998] 
[6.38499997 3.70800012] 
[5.85200002 5.954     ] 
[4.49799976 3.35599964] 
[5.08349003 4.3330913 ] 
[3.61599999 4.26199908] 
[7.01300003 6.64600003] 
[5.64299909 2.15699993] 
[6.80200017 5.00399945] 
[2.73300008 4.52000002] 
[3.85300001 2.28800001] 
[4.732     4.9139997] 
[6.6429996  3.04199946] 
[2.36554529 4.14208728] 
[2.75699974 2.40299995] 
[5.15753677 3.09147046] 
[5.80400059 5.02699989] 
[5.35493239 6.16889566] 
[6.08100063 5.77599975] 
[5.16200234 3.64400026] 
[4.26099978 4.58399969] 
[7.34299997 3.02099979] 
[4.48999897 3.06399849] 
[6.07200037 4.34899988] 
[7.10599872 4.66199991] 
[6.84290291 2.16831691] 
[5.74410536 6.70902969] 
[2.3494505  2.84876633] 
[4.74799949 6.63700045] 
[5.18382997 2.54273886] 
[6.69999885 6.20099887] 
[2.91100001 3.8510005 ] 
[3.95799957 4.86700019] 
[4.67800008 4.27899964] 
[7.30000035 5.324     ] 
[5.17700001 4.88900015] 
[6.71400029 5.42300058] 
[3.5879997  2.83199999] 
[5.07700083 5.68200031] 
[3.28700022 4.17900031] 
[7.00699964 3.59800026] 
[4.103  4.2685] 
[2.88199988 3.15299893] 
[6.28000005 6.13099991] 
[4.10502912 2.56880438] 
[5.92200068 4.68500004] 
[3.61700036 3.78399981] 
[6.23900026 2.92399991] 
[5.18520731 3.90103647] 
[4.68399989 2.32700055] 
[2.51899989 4.99299989] 
[6.22999978 5.08200085] 
[6.82499945 4.19799982] 
[2.43200338 2.44800225] 
[5.71399953 4.02699998] 
[3.11800037 4.51199933] 
[4.21800197 3.81400086] 
[2.44900028 3.71599981] 
[3.20499723 2.51499614] 
[5.28499987 4.5540001 ] 
[3.65100064 4.98599953] 
[4.85699983 3.27799997] 
[5.02499708 3.72499994] 
[3.32900037 3.68999988] 
[4.95500017 5.19499945] 
[5.61500021 3.1240003 ] 
[4.83600004 2.82000032] 
[3.29900032 5.05599974] 
[6.51000035 6.494     ] 
[5.04100011 5.96399982] 
[4.13400064 3.25499953] 
[4.25099809 4.93900108] 
[7.14400073 5.14800017] 
[5.76600039 3.57199988] 
[7.13625856 6.46829266] 
[2.68500045 2.95599991] 
[5.70299987 2.41700006] 
[5.49499907 2.72499973] 
[7.00099971 5.39599971] 
[2.35300047 2.20800024] 
[2.73601    2.71600892] 
[6.57499992 4.9959993 ] 
[6.46599968 3.34300017] 
[4.07400032 2.18499996] 
[5.73499953 4.39199998] 
[3.14799986 4.78200011] 
[4.84300287 4.50100288] 
[6.30999971 4.70099971] 
[6.78800023 6.84399983] 
[6.48799949 4.22099969] 
[3.09199929 4.3319992 ] 
[5.55899964 6.27200016] 
[5.38599888 3.27900291] 
[5.45499964 4.88199964] 
[6.90500022 6.18100032] 
[6.10100021 2.6880003 ] 
[5.71100002 5.67400004] 
[7.35400018 4.68399978] 
[4.48700417 5.08200465] 
100 
[5.35493239 6.16889566] 
[4.103  4.2685] 
[7.00699964 3.59800026] 
[2.35300047 2.20800024] 
[4.07399989 2.18499996] 
[6.22999978 5.08200085] 
[2.3769993  4.11500045] 
[5.33599968 3.70800017] 
[5.64299909 2.15699993] 
[7.01299694 6.64600207] 
[5.33   4.5955] 
[2.73300008 4.52000002] 
[7.35400018 4.68399978] 
[6.84290291 2.16831691] 
[3.32900037 3.68999988] 
[6.48799949 4.22099969] 
[2.28999975 3.02499973] 
[4.49000088 3.06400055] 
[6.80200017 5.00399945] 
[6.22400023 5.59299983] 
[3.20499723 2.51499614] 
[5.74410536 6.70902969] 
[6.25000442 6.30100665] 
[4.732     4.9139997] 
[5.07669654 4.36561029] 
[5.37899893 2.56900052] 
[3.95799957 4.86700019] 
[2.44900028 3.71599981] 
[5.20661251 3.15437171] 
[3.28700022 4.17900031] 
[4.74799949 6.63700045] 
[4.11116684 2.57390627] 
[6.46599855 3.34300312] 
[6.23897522 2.92395725] 
[7.00099971 5.39599971] 
[4.40100472 3.65400409] 
[7.34299997 3.02099979] 
[6.08100002 5.7760013 ] 
[2.68500045 2.95599991] 
[5.07700083 5.68200031] 
[5.92200068 4.68500004] 
[4.68399989 2.32700055] 
[7.13625856 6.46829266] 
[3.14799986 4.78200011] 
[4.95500041 5.19499954] 
[6.87264267 6.19986627] 
[2.75699999 2.40300049] 
[3.5879997  2.83199999] 
[7.21621508 5.17420729] 
[6.6429996  3.04199946] 
[2.5189999  4.99299995] 
[5.16299981 3.82799955] 
[5.80400059 5.02699989] 
[3.61700036 3.78399981] 
[5.73499974 4.39200046] 
[4.6999982 4.4183927] 
[2.91100001 3.8510005 ] 
[4.83399973 4.07199906] 
[5.76600039 3.57199988] 
[4.26099978 4.58399969] 
[4.13400064 3.25499953] 
[5.61000002 5.90700004] 
[3.11800037 4.51199933] 
[5.71399953 4.02699998] 
[4.85700045 3.27799991] 
[2.43200338 2.44800225] 
[6.07200037 4.34899988] 
[3.61599999 4.26199908] 
[5.61500021 3.1240003 ] 
[2.5956591  3.36265998] 
[6.82499945 4.19799982] 
[5.16200004 3.64399954] 
[6.51000035 6.494     ] 
[5.04100011 5.96399982] 
[4.83600004 2.82000032] 
[6.57499969 4.99599906] 
[4.48700417 5.08200465] 
[7.10599872 4.66199991] 
[6.71400029 5.42300058] 
[4.40000565 3.97000558] 
[5.18797257 4.03425012] 
[2.3399999  4.88100039] 
[5.17700002 4.88900006] 
[5.45499964 4.88199964] 
[2.78899975 2.18499973] 
[4.21800027 3.81400031] 
[5.55899964 6.27200016] 
[5.70299987 2.41700006] 
[3.29900032 5.05599974] 
[4.25099809 4.93900108] 
[3.65100064 4.98599953] 
[6.31099986 6.05800046] 
[5.85200017 5.95399945] 
[2.88199988 3.15299893] 
[2.34800085 4.35000005] 
[5.16299951 2.53699992] 
[4.49799976 3.35599964] 
[3.09199929 4.3319992 ] 
[5.71100002 5.67400004] 
[2.33400003 2.82400007] 
