21 
[6.0021545  4.73615444] 
[3.67882143 3.8444634 ] 
[5.39947045 6.2425797 ] 
[5.41821062 2.50430897] 
[2.75700072 2.40299922] 
[6.9540008  6.42999961] 
[4.74478577 4.19999966] 
[3.09792735 4.29614377] 
[4.73423713 3.05847445] 
[6.5557102  3.98745766] 
[2.37699969 4.1150009 ] 
[4.05899961 2.53399992] 
[7.34299997 3.02099979] 
[5.14247452 4.79286127] 
[6.0531899  5.86381094] 
[5.25988727 3.80901524] 
[6.54132606 2.84763234] 
[7.0105939  4.89803691] 
[2.55941436 3.13944167] 
[2.7650461  4.74410728] 
[4.13842614 4.69079679] 
22 
[2.75700072 2.40299922] 
[6.09272083 4.92545618] 
[3.55404474 3.90835374] 
[6.84290291 2.16831691] 
[4.62361067 3.03076544] 
[5.61399992 6.59899991] 
[7.08771865 4.85209754] 
[6.9540008  6.42999961] 
[5.19829222 3.83132981] 
[2.55426104 4.56261252] 
[2.54585888 3.01491358] 
[6.34686114 4.19127513] 
[5.15557109 4.59808785] 
[6.71240488 3.15998166] 
[4.05899985 2.53400008] 
[2.52732126 3.78916283] 
[4.257183   4.84059938] 
[5.39047204 2.56297284] 
[6.0531899  5.86381094] 
[4.25533212 4.0813578 ] 
[5.1246858  5.77348213] 
[3.11799985 4.51200039] 
23 
[6.0531899  5.86381094] 
[4.0894896  2.54493164] 
[5.1393856  3.97389562] 
[2.40863653 4.0887522 ] 
[7.1059998 4.6620001] 
[6.84290291 2.16831691] 
[2.5546762  3.04898961] 
[4.1649593  4.66995884] 
[5.08600729 5.70248924] 
[5.50618865 2.46353818] 
[5.96811021 4.8649607 ] 
[6.72331332 3.14869908] 
[5.61763895 6.54326757] 
[2.94188741 4.58713055] 
[4.49800146 3.35599791] 
[3.53700893 3.8922005 ] 
[6.25951612 4.14520859] 
[2.75700072 2.40299922] 
[6.83492146 5.07700679] 
[5.18203811 3.06188739] 
[6.9540008  6.42999961] 
[5.09886353 4.76475416] 
[4.74799949 6.63700045] 
24 
[4.94272016 5.00854671] 
[3.41850016 3.91394325] 
[6.38266917 4.17970931] 
[6.95399967 6.43000018] 
[4.68399989 2.32700055] 
[6.5074348  3.02810234] 
[5.29484596 3.6575322 ] 
[2.54873558 3.12171871] 
[5.55390877 5.94831288] 
[2.51899989 4.99299989] 
[6.96346429 4.89978963] 
[5.38069784 2.54603775] 
[2.75700072 2.40299922] 
[3.09833853 4.50872586] 
[4.32838115 3.93522844] 
[5.90231807 4.90051155] 
[4.12371894 4.76454526] 
[6.84290291 2.16831691] 
[4.57968938 3.11243667] 
[2.37699969 4.1150009 ] 
[7.05430499 3.42622938] 
[5.07457549 4.34835284] 
[5.61399994 6.59900032] 
[4.05899985 2.53400008] 
25 
[6.09272083 4.92545618] 
[4.20551727 4.23351534] 
[5.7659999 3.5719997] 
[2.37166323 4.13147374] 
[3.22562447 2.51620835] 
[5.45205232 2.49607795] 
[6.08331641 5.89459533] 
[5.61399992 6.59899991] 
[6.72331332 3.14869908] 
[5.20424458 4.54365696] 
[2.54873558 3.12171871] 
[7.10599992 4.66200009] 
[5.23899965 3.15899978] 
[4.1287604  2.53843821] 
[3.03117914 4.55120232] 
[6.38266917 4.17970931] 
[4.33585335 4.93930174] 
[6.84290291 2.16831691] 
[3.41850016 3.91394325] 
[4.66705531 3.16343743] 
[5.16247011 3.83512018] 
[2.63145543 2.35506465] 
[5.16442933 5.78593981] 
[7.15263375 5.19517036] 
[6.9540008  6.42999961] 
26 
[6.0531899  5.86381094] 
[4.25466516 4.23579949] 
[6.84290291 2.16831691] 
[3.20500449 2.51500196] 
[5.16300139 3.82800192] 
[2.94188741 4.58713055] 
[5.94775536 4.91229761] 
[5.41821062 2.50430897] 
[4.95598077 5.18774609] 
[7.15408812 4.73393104] 
[2.52325487 3.15084901] 
[6.5074348  3.02810234] 
[4.66705531 3.16343743] 
[4.74799949 6.63700045] 
[3.41850016 3.91394325] 
[6.9540008  6.42999961] 
[4.1287604  2.53843821] 
[5.20201146 4.46303835] 
[5.54036103 6.29842691] 
[2.63145543 2.35506465] 
[7.05430499 3.42622938] 
[6.38266917 4.17970931] 
[5.34799258 3.25268108] 
[2.37699969 4.1150009 ] 
[4.0794576  4.90235535] 
[6.6109871  5.00223004] 
27 
[5.17398157 3.85941368] 
[6.00979745 5.87317296] 
[2.59946089 3.52774916] 
[7.00699964 3.59800026] 
[4.66705531 3.16343743] 
[4.70456009 4.95560062] 
[3.11800014 4.5120002 ] 
[7.15263375 5.19517036] 
[6.23897522 2.92395725] 
[2.54174687 2.65234548] 
[5.94324972 4.80322093] 
[6.9540008  6.42999961] 
[4.1287604  2.53843821] 
[4.21605298 4.36452941] 
[5.34799258 3.25268108] 
[6.84290291 2.16831691] 
[5.61399992 6.59899991] 
[6.9736547  4.72320624] 
[5.08600729 5.70248924] 
[5.1685414  4.52107811] 
[3.22562447 2.51620835] 
[3.55404474 3.90835374] 
[6.47628864 4.21049916] 
[5.41821062 2.50430897] 
[6.64299998 3.04200001] 
[7.34299997 3.02099979] 
[2.45530933 4.38435741] 
28 
[2.7650461  4.74410728] 
[6.09272083 4.92545618] 
[4.07386752 2.54248033] 
[6.72331332 3.14869908] 
[4.19101921 4.21717362] 
[3.09791033 2.44317565] 
[6.0531899  5.86381094] 
[5.34799258 3.25268108] 
[2.61799999 3.45599975] 
[6.9540008  6.42999961] 
[5.18569722 5.88383671] 
[7.08771865 4.85209754] 
[5.03600025 4.34100042] 
[5.63445043 2.36042173] 
[3.60619294 3.82019602] 
[5.6140005 6.5990004] 
[6.3753961  4.16462957] 
[5.37500049 4.63700021] 
[6.84290291 2.16831691] 
[4.0794576  4.90235535] 
[4.94272016 5.00854671] 
[4.61476619 3.18675058] 
[4.74799949 6.63700045] 
[3.09489971 4.33222268] 
[2.36554529 4.14208728] 
[5.17064512 2.54580433] 
[2.38537553 2.81555456] 
[5.16300049 3.82800004] 
29 
[6.9540008  6.42999961] 
[2.45530933 4.38435741] 
[5.25243106 3.86064907] 
[2.38000001 2.85899996] 
[5.13741894 4.80368528] 
[5.41821062 2.50430897] 
[6.46599855 3.34300312] 
[4.48675101 3.29791971] 
[6.0531899  5.86381094] 
[6.84290291 2.16831691] 
[6.9736547  4.72320624] 
[4.13842614 4.69079679] 
[3.20500449 2.51500196] 
[5.94324972 4.80322093] 
[4.74799949 6.63700045] 
[4.1287604  2.53843821] 
[6.48799961 4.22100014] 
[3.55404474 3.90835374] 
[5.6140005 6.5990004] 
[2.63145543 2.35506465] 
[2.911      3.85100044] 
[7.05430499 3.42622938] 
[5.18569722 5.88383671] 
[4.88451444 4.19999987] 
[3.11800001 4.51199999] 
[5.11244806 3.17828485] 
[2.57412002 3.45633377] 
[6.5389431  2.95031542] 
[7.15263375 5.19517036] 
30 
[4.23787383 4.27407001] 
[5.93680024 5.85713212] 
[5.45205232 2.49607795] 
[2.58857035 3.42270447] 
[6.38266917 4.17970931] 
[4.13592306 2.54495269] 
[5.14744902 4.47679127] 
[5.61399967 6.59899941] 
[7.0230511  6.45273558] 
[2.8577785  4.65678935] 
[7.10599967 4.66199997] 
[2.75699973 2.40300031] 
[6.71240488 3.15998166] 
[5.34799258 3.25268108] 
[4.70456009 4.95560062] 
[5.86954663 4.85330745] 
[5.16300139 3.82800192] 
[6.84290291 2.16831691] 
[5.08600729 5.70248924] 
[3.60619294 3.82019602] 
[6.53052742 6.26005763] 
[3.0690438  4.12877611] 
[3.55499912 2.61900069] 
[2.36554529 4.14208728] 
[6.52048979 4.97664452] 
[4.74799949 6.63700045] 
[4.66705531 3.16343743] 
[7.0919923  5.17268722] 
[3.95799786 4.86700071] 
[2.38000001 2.85899996] 
31 
[6.40743082 4.24513943] 
[2.36554529 4.14208728] 
[5.11546124 3.18524859] 
[4.20991529 4.46934568] 
[6.14076493 5.84183865] 
[3.20500449 2.51500196] 
[4.83560891 5.00299872] 
[2.38000001 2.85899996] 
[6.84290291 2.16831691] 
[5.08600729 5.70248924] 
[5.26902849 3.8451504 ] 
[6.89551249 3.43561188] 
[7.116315   4.68206744] 
[3.36282296 4.1026763 ] 
[4.57065637 2.80808584] 
[6.9540008  6.42999961] 
[5.41821062 2.50430897] 
[5.19779537 4.49553813] 
[4.83399916 4.07199985] 
[4.05900036 2.53399975] 
[2.84834741 4.70086549] 
[5.6140005 6.5990004] 
[6.77511115 5.0418046 ] 
[2.61799999 3.45599975] 
[2.63145543 2.35506465] 
[4.74799949 6.63700045] 
[5.93508154 4.91648053] 
[4.13733132 4.96581924] 
[4.27378612 3.77610569] 
[5.74859542 5.93609233] 
[6.5389431  2.95031542] 
32 
[7.10599967 4.66199997] 
[3.0690438  4.12877611] 
[5.02073131 4.99519093] 
[5.34799258 3.25268108] 
[2.38000001 2.85899996] 
[6.53052742 6.26005763] 
[6.5389431  2.95031542] 
[4.61476619 3.18675058] 
[4.0794576  4.90235535] 
[6.04466428 4.36476481] 
[4.67370805 2.37467669] 
[5.08600729 5.70248924] 
[4.25466516 4.23579949] 
[2.75700072 2.40299922] 
[5.16300014 3.82800129] 
[7.0230511  6.45273558] 
[6.19837864 5.02184857] 
[5.41821062 2.50430897] 
[2.89004829 4.6799693 ] 
[6.84290291 2.16831691] 
[3.60619294 3.82019602] 
[5.61399967 6.59899941] 
[4.05899961 2.53399992] 
[5.13722865 4.43477939] 
[7.0919923  5.17268722] 
[4.74799949 6.63700045] 
[6.8085813  3.50801314] 
[2.60300109 3.37600039] 
[7.34299997 3.02099979] 
[5.93680024 5.85713212] 
[2.36554529 4.14208728] 
[6.48799996 4.22099944] 
33 
[6.53052742 6.26005763] 
[3.60619294 3.82019602] 
[4.57968938 3.11243667] 
[6.39108125 4.20218972] 
[5.03941454 4.99179015] 
[6.5389431  2.95031542] 
[2.60835846 2.32183659] 
[3.09792735 4.29614377] 
[4.13291338 4.7772685 ] 
[3.22562447 2.51620835] 
[5.18569722 5.88383671] 
[5.24048547 3.83324388] 
[6.57499951 4.99599885] 
[2.6004432  3.43547773] 
[6.84290291 2.16831691] 
[2.7650461  4.74410728] 
[7.0230511  6.45273558] 
[5.87400138 4.8559997 ] 
[5.23899965 3.15899978] 
[7.34299997 3.02099979] 
[7.10600017 4.66199983] 
[4.68399989 2.32700055] 
[6.8085813  3.50801314] 
[4.05900036 2.53399975] 
[5.41821062 2.50430897] 
[4.32838115 3.93522844] 
[4.74799949 6.63700045] 
[6.02558883 5.81453391] 
[5.06880342 4.39182149] 
[2.38000037 2.85900054] 
[2.36554529 4.14208728] 
[5.6140005 6.5990004] 
[7.10992708 5.25713881] 
34 
[6.57500064 4.99599949] 
[3.20500449 2.51500196] 
[4.09111205 4.79011582] 
[5.17700001 4.88899964] 
[5.18203811 3.06188739] 
[3.06087672 4.56421647] 
[6.08331641 5.89459533] 
[2.38000001 2.85899996] 
[7.34299997 3.02099979] 
[5.23709711 5.89071261] 
[4.2713847  3.91972085] 
[6.9540008  6.42999961] 
[5.21010632 3.8306105 ] 
[6.39108125 4.20218972] 
[6.59236858 3.25377537] 
[5.6140005 6.5990004] 
[6.84290291 2.16831691] 
[2.6004432  3.43547773] 
[4.78131908 4.9804353 ] 
[4.1287604  2.53843821] 
[7.10599967 4.66199997] 
[2.63145543 2.35506465] 
[4.69999882 4.37813145] 
[5.50618865 2.46353818] 
[4.74799949 6.63700045] 
[5.20699969 4.4579992 ] 
[2.36554529 4.14208728] 
[4.62643876 3.17805672] 
[6.71400086 5.42300082] 
[3.60619294 3.82019602] 
[7.21621508 5.17420729] 
[3.07238687 4.16654185] 
[2.51899989 4.99299989] 
[5.93508154 4.91648053] 
35 
[4.67798809 3.16299764] 
[5.94324972 4.80322093] 
[2.54842134 2.9636572 ] 
[2.66487228 4.74808427] 
[6.5389431  2.95031542] 
[5.23709711 5.89071261] 
[4.34474508 4.50437756] 
[6.48799961 4.22100014] 
[3.60619294 3.82019602] 
[7.15408812 4.73393104] 
[5.23899965 3.15899978] 
[6.9540008  6.42999961] 
[2.56750608 3.58641925] 
[5.20915683 3.82125894] 
[5.6140005 6.5990004] 
[4.68399989 2.32700055] 
[5.11238413 4.39246637] 
[5.03941454 4.99179015] 
[4.11116684 2.57390627] 
[6.6109871  5.00223004] 
[5.60842336 2.36081408] 
[2.60835846 2.32183659] 
[2.36554529 4.14208728] 
[4.1478746  4.93302374] 
[6.84290291 2.16831691] 
[7.34299997 3.02099979] 
[5.31242433 2.54264472] 
[6.08331641 5.89459533] 
[3.09489971 4.33222268] 
[4.2713847  3.91972085] 
[4.74799949 6.63700045] 
[3.29900223 5.0559933 ] 
[4.07399989 2.18499996] 
[6.8085813  3.50801314] 
[3.22562447 2.51620835] 
36 
[5.27846761 2.57194444] 
[5.00000102 4.35276695] 
[3.55199948 3.72500022] 
[6.9540008  6.42999961] 
[5.65088935 6.02792845] 
[6.8085813  3.50801314] 
[3.22562447 2.51620835] 
[6.09272083 4.92545618] 
[2.36554529 4.14208728] 
[5.19607218 3.82496407] 
[3.09792735 4.29614377] 
[4.13740338 4.8441227 ] 
[6.71400086 5.42300082] 
[2.60835846 2.32183659] 
[4.05900036 2.53399975] 
[6.84290291 2.16831691] 
[6.39108125 4.20218972] 
[7.10599992 4.66200009] 
[4.31929239 3.85432149] 
[2.7650461  4.74410728] 
[5.60842336 2.36081408] 
[4.74799949 6.63700045] 
[5.70125088 6.67770373] 
[2.53528282 3.50228607] 
[5.34563844 4.53361095] 
[2.54321365 2.91745721] 
[4.94272016 5.00854671] 
[3.9899622  4.28286024] 
[4.55300063 2.49799883] 
[6.14076493 5.84183865] 
[4.62643876 3.17805672] 
[6.5389431  2.95031542] 
[5.23899965 3.15899978] 
[7.34299997 3.02099979] 
[5.08600729 5.70248924] 
[7.21621508 5.17420729] 
37 
[3.09833853 4.50872586] 
[5.21597585 4.51083192] 
[6.02558883 5.81453391] 
[5.41821062 2.50430897] 
[2.60835846 2.32183659] 
[6.20000082 3.52721707] 
[4.13400064 3.25499953] 
[4.09111205 4.79011582] 
[7.19511305 5.1793377 ] 
[6.5389431  2.95031542] 
[2.53528282 3.50228607] 
[6.96976496 6.43127546] 
[4.1287604  2.53843821] 
[5.16300014 3.82800129] 
[5.08600729 5.70248924] 
[3.55404474 3.90835374] 
[2.51899989 4.99299989] 
[6.20729261 4.27556682] 
[5.74410536 6.70902969] 
[6.84290291 2.16831691] 
[4.83560891 5.00299872] 
[5.94775536 4.91229761] 
[4.69999456 4.43899452] 
[2.54321365 2.91745721] 
[5.23899965 3.15899978] 
[4.74799949 6.63700045] 
[4.67800017 3.16300003] 
[6.3331267  6.26475035] 
[7.1059998 4.6620001] 
[7.00699964 3.59800026] 
[3.22562447 2.51620835] 
[4.2713847  3.91972085] 
[6.57503691 4.9960017 ] 
[7.34299997 3.02099979] 
[5.55899953 6.27199944] 
[2.911      3.85100044] 
[2.36554529 4.14208728] 
38 
[5.13722865 4.43477939] 
[2.60835846 2.32183659] 
[7.0919923  5.17268722] 
[5.31242433 2.54264472] 
[3.5879997  2.83199999] 
[3.15925825 4.4666985 ] 
[5.18569722 5.88383671] 
[6.82999943 3.41900031] 
[6.0531899  5.86381094] 
[4.15137564 4.85563174] 
[6.56480668 4.98953871] 
[6.9540008  6.42999961] 
[2.91099978 3.85100078] 
[4.49800009 3.3560003 ] 
[5.6140005 6.5990004] 
[4.96468944 5.0078765 ] 
[6.23900045 2.92399949] 
[5.11546124 3.18524859] 
[6.84290291 2.16831691] 
[4.25184218 4.14009177] 
[2.53528282 3.50228607] 
[4.49591881 3.0586984 ] 
[4.05900036 2.53399975] 
[3.60619294 3.82019602] 
[2.54321365 2.91745721] 
[4.74799949 6.63700045] 
[7.10599967 4.66199997] 
[5.87296074 4.85969726] 
[5.76600053 3.57200004] 
[2.66487228 4.74808427] 
[2.36554529 4.14208728] 
[6.48799996 4.22099944] 
[3.20499723 2.51499614] 
[6.07199959 4.34899976] 
[4.68399989 2.32700055] 
[5.60842336 2.36081408] 
[7.34299997 3.02099979] 
[5.16300014 3.82800129] 
39 
[5.63445043 2.36042173] 
[5.11982757 4.31768804] 
[2.60690172 3.31076896] 
[6.53052742 6.26005763] 
[7.10600017 4.66199983] 
[4.67799807 3.16300015] 
[3.09833853 4.50872586] 
[6.84290291 2.16831691] 
[6.57499969 4.99599906] 
[5.07700017 5.68200186] 
[3.5879997  2.83199999] 
[6.59236858 3.25377537] 
[4.69999456 4.43899452] 
[7.0230511  6.45273558] 
[6.98018258 5.18695026] 
[2.5436973 2.2612075] 
[2.36554529 4.14208728] 
[5.37152008 6.09583617] 
[4.27383705 2.62947255] 
[4.09111205 4.79011582] 
[4.83560891 5.00299872] 
[3.55404474 3.90835374] 
[5.23899965 3.15899978] 
[5.13582075 3.83737166] 
[5.3749998  4.63700006] 
[4.74799949 6.63700045] 
[6.02558883 5.81453391] 
[4.07399894 2.18500081] 
[2.51899989 4.99299989] 
[2.91099985 3.85099993] 
[7.34299997 3.02099979] 
[6.39108125 4.20218972] 
[5.6140005 6.5990004] 
[2.3494505  2.84876633] 
[5.52263285 3.76973878] 
[5.93508154 4.91648053] 
[3.04535051 2.48083553] 
[4.2713847  3.91972085] 
[5.31242433 2.54264472] 
40 
[6.57500064 4.99599949] 
[2.60835846 2.32183659] 
[3.60619294 3.82019602] 
[5.16300012 3.82799995] 
[4.74799949 6.63700045] 
[6.53052742 6.26005763] 
[2.36554529 4.14208728] 
[4.84308444 4.50000043] 
[6.84290291 2.16831691] 
[4.68399989 2.32700055] 
[6.02558883 5.81453391] 
[7.00699964 3.59800026] 
[2.5130007  3.57000081] 
[5.63445043 2.36042173] 
[4.25648555 4.93878151] 
[2.7650461  4.74410728] 
[4.07399989 2.18499996] 
[5.11183356 5.00329144] 
[7.10600017 4.66199983] 
[5.93508154 4.91648053] 
[4.67800017 3.16300003] 
[5.74410536 6.70902969] 
[6.38266917 4.17970931] 
[7.0230511  6.45273558] 
[3.09792735 4.29614377] 
[4.04799984 4.62200041] 
[7.10992708 5.25713881] 
[6.54553187 3.05031699] 
[5.55899953 6.27199944] 
[3.22562447 2.51620835] 
[5.30594953 4.4219878 ] 
[4.11116684 2.57390627] 
[5.34799258 3.25268108] 
[2.7746976  2.97415551] 
[7.34299997 3.02099979] 
[5.08600729 5.70248924] 
[5.31242433 2.54264472] 
[4.13400064 3.25499953] 
[4.2713847  3.91972085] 
[2.36707065 2.87070148] 
