101 
[5.55899964 6.27200016] 
[4.21800035 3.81399984] 
[3.05300283 3.59200278] 
[6.82499945 4.19799982] 
[5.15753677 3.09147046] 
[7.00099971 5.39599971] 
[2.73600032 2.71599961] 
[4.732     4.9139997] 
[6.84290291 2.16831691] 
[3.11800162 4.51199464] 
[5.92200068 4.68500004] 
[6.51000035 6.494     ] 
[4.07399989 2.18499996] 
[5.70299987 2.41700006] 
[5.17567154 3.85740863] 
[4.48999897 3.06399849] 
[7.00699964 3.59800026] 
[2.3769993  4.11500045] 
[4.74799949 6.63700045] 
[3.95799957 4.86700019] 
[2.5956591  3.36265998] 
[6.08100002 5.7760013 ] 
[5.04100011 5.96399982] 
[5.28499984 4.55400028] 
[2.5189999  4.99299995] 
[6.80200017 5.00399945] 
[3.61700036 3.78399981] 
[6.38499997 3.70800012] 
[7.34299997 3.02099979] 
[7.10599872 4.66199991] 
[3.5879997  2.83199999] 
[4.68399989 2.32700055] 
[5.16299951 2.53699992] 
[7.10931821 6.48704059] 
[2.68500045 2.95599991] 
[6.6429996  3.04199946] 
[2.75700014 2.40299682] 
[6.22999978 5.08200085] 
[4.103  4.2685] 
[6.87264267 6.19986627] 
[5.74410536 6.70902969] 
[5.17699985 4.88900011] 
[4.6999982 4.4183927] 
[2.34800085 4.35000005] 
[6.48799949 4.22099969] 
[3.29900032 5.05599974] 
[4.10502912 2.56880438] 
[2.28999975 3.02499973] 
[2.91100067 3.85100533] 
[4.49799976 3.35599964] 
[5.71399953 4.02699998] 
[5.03600067 4.34100028] 
[5.1619999  3.64399999] 
[3.61599999 4.26199908] 
[6.23900026 2.92399991] 
[6.78800023 6.84399983] 
[2.43200338 2.44800225] 
[5.64299909 2.15699993] 
[5.80400059 5.02699989] 
[7.21621508 5.17420729] 
[5.07700083 5.68200031] 
[6.07200037 4.34899988] 
[2.94000034 4.72899996] 
[6.28000005 6.13099991] 
[7.35400018 4.68399978] 
[5.76600039 3.57199988] 
[4.83399994 4.07199941] 
[4.95500041 5.19499954] 
[5.61500021 3.1240003 ] 
[4.25099809 4.93900108] 
[5.31600005 2.52600006] 
[5.71100002 5.67400004] 
[2.88199988 3.15299893] 
[2.3399999  4.88100039] 
[5.35493239 6.16889566] 
[6.30999971 4.70099971] 
[4.85699983 3.27799997] 
[4.26099978 4.58399969] 
[6.71400029 5.42300058] 
[3.20499723 2.51499614] 
[3.65100064 4.98599953] 
[4.13400064 3.25499953] 
[4.83600004 2.82000032] 
[5.256      4.19299963] 
[3.28700022 4.17900031] 
[6.46599968 3.34300017] 
[5.73499953 4.39199998] 
[3.32900043 3.68999988] 
[2.33400003 2.82400007] 
[6.22400023 5.59299983] 
[2.44900028 3.71599981] 
[2.35300047 2.20800024] 
[4.77100002 3.81100004] 
[4.40100472 3.65400409] 
[6.57499992 4.9959993 ] 
[4.48700417 5.08200465] 
[2.7329996  4.52000005] 
[5.85200002 5.954     ] 
[5.49500027 2.72500031] 
[6.10100021 2.6880003 ] 
[5.38599888 3.27900291] 
102 
[5.71399953 4.02699998] 
[2.34800085 4.35000005] 
[6.87264267 6.19986627] 
[4.10502912 2.56880438] 
[4.26099978 4.58399969] 
[5.04100011 5.96399982] 
[2.3494505  2.84876633] 
[6.46599968 3.34300017] 
[6.80200017 5.00399945] 
[5.15753677 3.09147046] 
[5.0000001  4.47751017] 
[3.32900043 3.68999988] 
[6.22999978 5.08200085] 
[5.49500027 2.72500031] 
[3.20499723 2.51499614] 
[5.85200002 5.954     ] 
[6.10100021 2.6880003 ] 
[2.73300008 4.52000002] 
[4.49799976 3.35599964] 
[6.84290291 2.16831691] 
[5.74410536 6.70902969] 
[6.07200037 4.34899988] 
[2.5956591  3.36265998] 
[4.74799949 6.63700045] 
[7.34299997 3.02099979] 
[4.48700417 5.08200465] 
[6.82499945 4.19799982] 
[5.64299909 2.15699993] 
[5.17567154 3.85740863] 
[7.23961881 4.68872672] 
[2.43200338 2.44800225] 
[7.14400073 5.14800017] 
[3.65100064 4.98599953] 
[3.61599999 4.26199908] 
[4.732     4.9139997] 
[6.31099986 6.05800046] 
[3.09199929 4.3319992 ] 
[5.45499964 4.88199964] 
[4.68399989 2.32700055] 
[4.21800002 3.81399944] 
[3.5879997  2.83199999] 
[7.00699964 3.59800026] 
[5.92200068 4.68500004] 
[2.51899989 4.99299989] 
[2.68500045 2.95599991] 
[7.13625856 6.46829266] 
[4.67800008 4.27899964] 
[7.00099971 5.39599971] 
[2.3769993  4.11500045] 
[4.07400032 2.18499996] 
[5.31020582 2.52920337] 
[5.55899964 6.27200016] 
[6.51000035 6.494     ] 
[6.08100063 5.77599975] 
[3.61700036 3.78399981] 
[4.103  4.2685] 
[6.6429996  3.04199946] 
[4.25099809 4.93900108] 
[2.91100001 3.8510005 ] 
[2.44900028 3.71599981] 
[5.28499984 4.55400028] 
[5.1619999  3.64399999] 
[5.80400059 5.02699989] 
[4.6780003  3.16299983] 
[3.14799986 4.78200011] 
[4.29300016 2.75200015] 
[6.78800023 6.84399983] 
[2.78899975 2.18499973] 
[6.57499969 4.99599906] 
[5.70299987 2.41700006] 
[5.76600039 3.57199988] 
[5.35493239 6.16889566] 
[5.38599888 3.27900291] 
[4.77100002 3.81100004] 
[2.35300047 2.20800024] 
[3.11800037 4.51199933] 
[3.05300283 3.59200278] 
[6.38499997 3.70800012] 
[4.83600004 2.82000032] 
[6.71400029 5.42300058] 
[6.23900026 2.92399991] 
[2.75699999 2.40300049] 
[6.9540089  4.64700881] 
[5.07700083 5.68200031] 
[5.24847485 4.19663131] 
[5.17700002 4.88900006] 
[2.88199989 3.15300051] 
[4.13400064 3.25499953] 
[5.61500021 3.1240003 ] 
[5.73499953 4.39199998] 
[2.96299907 2.91599906] 
[4.95500041 5.19499954] 
[6.48799949 4.22099969] 
[7.30000035 5.324     ] 
[3.29900032 5.05599974] 
[5.71100002 5.67400004] 
[3.85300001 2.28800001] 
[4.40000565 3.97000558] 
[7.01300003 6.64600003] 
[3.95799957 4.86700019] 
[3.28700022 4.17900031] 
[6.25000442 6.30100665] 
103 
[6.48799949 4.22099969] 
[3.05300283 3.59200278] 
[5.55899964 6.27200016] 
[5.20661251 3.15437171] 
[4.04799995 4.62200006] 
[6.71400029 5.42300058] 
[5.33   4.5955] 
[3.20499723 2.51499614] 
[6.84290291 2.16831691] 
[6.87264267 6.19986627] 
[3.09199929 4.3319992 ] 
[5.64299909 2.15699993] 
[4.49799976 3.35599964] 
[5.07669654 4.36561029] 
[6.6429996  3.04199946] 
[2.75699974 2.40299995] 
[5.16299951 2.53699992] 
[4.11116684 2.57390627] 
[7.35400018 4.68399978] 
[2.5189999  4.99299995] 
[6.08100063 5.77599975] 
[4.48700417 5.08200465] 
[2.88199988 3.15299893] 
[5.1755904  3.80788236] 
[5.04100011 5.96399982] 
[3.61700036 3.78399981] 
[2.44900028 3.71599981] 
[5.80400059 5.02699989] 
[4.21800002 3.81399944] 
[7.34299997 3.02099979] 
[6.28000005 6.13099991] 
[4.74799949 6.63700045] 
[2.34800085 4.35000005] 
[2.3494505  2.84876633] 
[3.29900032 5.05599974] 
[6.57499969 4.99599906] 
[7.00699964 3.59800026] 
[5.71399953 4.02699998] 
[3.5879997  2.83199999] 
[6.38499997 3.70800012] 
[6.10100021 2.6880003 ] 
[6.51000035 6.494     ] 
[7.30000035 5.324     ] 
[4.95500041 5.19499954] 
[6.98243656 6.46363142] 
[4.07400032 2.18499996] 
[2.5956591  3.36265998] 
[6.07200037 4.34899988] 
[4.68399989 2.32700055] 
[5.71100002 5.67400004] 
[4.67799997 4.2790007 ] 
[6.22999978 5.08200085] 
[5.92200068 4.68500004] 
[2.43200338 2.44800225] 
[3.11800037 4.51199933] 
[4.85699983 3.27799997] 
[5.07700083 5.68200031] 
[5.74410536 6.70902969] 
[5.76600039 3.57199988] 
[4.15193143 4.97051701] 
[4.26100059 4.58400015] 
[2.94000034 4.72899996] 
[4.103  4.2685] 
[5.18797257 4.03425012] 
[4.83600004 2.82000032] 
[4.732     4.9139997] 
[6.78800023 6.84399983] 
[5.61500021 3.1240003 ] 
[4.13400064 3.25499953] 
[5.35493239 6.16889566] 
[6.80200017 5.00399945] 
[4.49000033 3.06399991] 
[5.49500027 2.72500031] 
[3.65100064 4.98599953] 
[2.91100001 3.8510005 ] 
[2.3769993  4.11500045] 
[3.28700022 4.17900031] 
[4.83399994 4.07199941] 
[3.61599999 4.26199908] 
[6.82499945 4.19799982] 
[5.43499971 4.34499971] 
[2.35300047 2.20800024] 
[2.68500045 2.95599991] 
[5.73499953 4.39199998] 
[7.172      6.49500018] 
[5.85200002 5.954     ] 
[5.70299987 2.41700006] 
[5.17700002 4.88900006] 
[6.46599968 3.34300017] 
[6.23900026 2.92399991] 
[7.00099971 5.39599971] 
[4.40000565 3.97000558] 
[2.3399999  4.88100039] 
[4.77100002 3.81100004] 
[3.32900043 3.68999988] 
[3.85300001 2.28800001] 
[7.14400073 5.14800017] 
[5.45499964 4.88199964] 
[2.7329996  4.52000005] 
[4.84300287 4.50100288] 
[5.31600005 2.52600006] 
[7.10599872 4.66199991] 
[2.73601    2.71600892] 
104 
[7.10599967 4.66199997] 
[4.26099934 4.58399992] 
[3.20499723 2.51499614] 
[4.83600004 2.82000032] 
[5.80399958 5.02699983] 
[6.95400162 6.42999992] 
[2.3769993  4.11500045] 
[6.38499997 3.70800012] 
[4.74799949 6.63700045] 
[5.16200004 3.64399954] 
[6.84290291 2.16831691] 
[5.85200002 5.954     ] 
[5.70299987 2.41700006] 
[4.05900029 2.5340013 ] 
[3.11799971 4.5120001 ] 
[2.73600032 2.71599961] 
[3.72100007 3.84200011] 
[5.12100029 4.29899988] 
[4.95499978 5.19500035] 
[5.35493239 6.16889566] 
[6.07200037 4.34899988] 
[6.6429996  3.04199946] 
[7.00099971 5.39599971] 
[2.50099975 3.22500012] 
[5.38599888 3.27900291] 
[5.61400827 6.59900814] 
[2.51899989 4.99299989] 
[2.35300047 2.20800024] 
[4.69999456 4.43899452] 
[7.34299997 3.02099979] 
[4.49799976 3.35599964] 
[3.05300283 3.59200278] 
[6.82499945 4.19799982] 
[4.21800035 3.81399984] 
[6.28000005 6.13099991] 
[5.07700083 5.68200031] 
[6.53499977 4.79799959] 
[4.68399989 2.32700055] 
[3.29900032 5.05599974] 
[5.45499964 4.88199964] 
[5.31242433 2.54264472] 
[7.00699964 3.59800026] 
[2.3494505  2.84876633] 
[2.44900028 3.71599981] 
[3.5879997  2.83199999] 
[5.87400039 4.85600013] 
[3.95799957 4.86700019] 
[5.71399953 4.02699998] 
[6.22400023 5.59299983] 
[4.49000088 3.06400055] 
[6.10100021 2.6880003 ] 
[5.17700001 4.88900015] 
[2.73300008 4.52000002] 
[5.15753677 3.09147046] 
[7.21621508 5.17420729] 
[3.61599999 4.26199908] 
[5.18520731 3.90103647] 
[4.103  4.2685] 
[4.25099809 4.93900108] 
[6.48799949 4.22099969] 
[4.07399989 2.18499996] 
[5.64299909 2.15699993] 
[5.76600039 3.57199988] 
[6.87264267 6.19986627] 
[6.78800023 6.84399983] 
[5.05200098 4.48799996] 
[5.92200068 4.68500004] 
[2.91100001 3.8510005 ] 
[2.68500045 2.95599991] 
[5.71100002 5.67400004] 
[5.04100011 5.96399982] 
[4.13400064 3.25499953] 
[6.22999978 5.08200085] 
[3.09199929 4.3319992 ] 
[2.43200338 2.44800225] 
[4.85700045 3.27799991] 
[4.83399973 4.07199906] 
[2.34800085 4.35000005] 
[4.40100472 3.65400409] 
[4.48700417 5.08200465] 
[7.17199835 6.495     ] 
[6.51000035 6.494     ] 
[2.96299907 2.91599906] 
[4.09700084 2.73200031] 
[5.73499953 4.39199998] 
[5.43499971 4.34499971] 
[6.71400029 5.42300058] 
[6.57500162 4.99600029] 
[3.65100064 4.98599953] 
[5.61500021 3.1240003 ] 
[2.60300028 3.37600047] 
[5.55899964 6.27200016] 
[6.46599968 3.34300017] 
[6.08100002 5.7760013 ] 
[3.32900043 3.68999988] 
[5.74799977 6.71100063] 
[5.33599968 3.70800017] 
[5.33   4.5955] 
[2.88199989 3.15300051] 
[6.23900026 2.92399991] 
[4.7320002  4.91400007] 
[2.75700014 2.40299682] 
[3.55200045 3.72500034] 
[3.28700022 4.17900031] 
105 
[6.10100021 2.6880003 ] 
[4.16399996 4.20100002] 
[6.31099986 6.05800046] 
[4.09700084 2.73200031] 
[2.5956591  3.36265998] 
[6.07200037 4.34899988] 
[3.09199929 4.3319992 ] 
[5.07700083 5.68200031] 
[5.18520731 3.90103647] 
[2.35300047 2.20800024] 
[7.23961881 4.68872672] 
[4.732     4.9139997] 
[5.18382997 2.54273886] 
[5.55899964 6.27200016] 
[6.51000035 6.494     ] 
[5.80400059 5.02699989] 
[5.15753677 3.09147046] 
[3.95799957 4.86700019] 
[7.00099971 5.39599971] 
[6.83000021 3.4190003 ] 
[2.34800085 4.35000005] 
[3.55382773 3.72843552] 
[6.84290291 2.16831691] 
[7.17199835 6.495     ] 
[5.20699722 4.45800023] 
[2.3494505  2.84876633] 
[3.5879997  2.83199999] 
[4.49799976 3.35599964] 
[2.73300008 4.52000002] 
[4.74799949 6.63700045] 
[7.34299997 3.02099979] 
[2.68500012 2.95600033] 
[5.70299987 2.41700006] 
[5.17700002 4.88900006] 
[6.08100063 5.77599975] 
[4.07400032 2.18499996] 
[6.57500464 4.99599685] 
[5.74410536 6.70902969] 
[6.82499945 4.19799982] 
[3.61599999 4.26199908] 
[6.46599968 3.34300017] 
[4.67799997 4.2790007 ] 
[6.87264267 6.19986627] 
[5.76600039 3.57199988] 
[2.5189999  4.99299995] 
[4.68399989 2.32700055] 
[4.21800197 3.81400086] 
[3.29900032 5.05599974] 
[2.91100001 3.8510005 ] 
[3.20499723 2.51499614] 
[5.71399953 4.02699998] 
[4.83399994 4.07199941] 
[5.71100002 5.67400004] 
[3.11800037 4.51199933] 
[2.29899984 3.95700008] 
[5.33599968 3.70800017] 
[7.30000035 5.324     ] 
[4.26099978 4.58399969] 
[5.64299909 2.15699993] 
[4.49000033 3.06399991] 
[4.95500041 5.19499954] 
[4.85699983 3.27799997] 
[6.6429996  3.04199946] 
[5.73499953 4.39199998] 
[4.25100007 4.93899972] 
[5.49499907 2.72499973] 
[5.92200068 4.68500004] 
[6.78800023 6.84399983] 
[6.71400029 5.42300058] 
[6.38499997 3.70800012] 
[2.88199988 3.15299893] 
[5.45499964 4.88199964] 
[6.22999978 5.08200085] 
[5.61500021 3.1240003 ] 
[4.77100002 3.81100004] 
[5.04100011 5.96399982] 
[4.13400064 3.25499953] 
[3.65100064 4.98599953] 
[6.30999971 4.70099971] 
[6.48799949 4.22099969] 
[4.83600004 2.82000032] 
[6.23900026 2.92399991] 
[5.35493239 6.16889566] 
[3.28700022 4.17900031] 
[2.3399999  4.88100039] 
[3.05300283 3.59200278] 
[4.04199996 4.33600002] 
[5.85200002 5.954     ] 
[2.75699974 2.40299995] 
[4.84300287 4.50100288] 
[7.14400073 5.14800017] 
[5.16200004 3.64399954] 
[6.9540089  4.64700881] 
[5.12100029 4.29899988] 
[3.14799986 4.78200011] 
[2.43200338 2.44800225] 
[5.38599888 3.27900291] 
[4.05900029 2.5340013 ] 
[6.95400162 6.42999992] 
[5.33   4.5955] 
[7.00699843 3.5979984 ] 
[3.85300001 2.28800001] 
[2.37700038 4.11500002] 
[6.25000442 6.30100665] 
[2.44900028 3.71599981] 
106 
[5.85200017 5.95399945] 
[4.13400064 3.25499953] 
[5.256      4.19299963] 
[2.5189999  4.99299995] 
[5.49500027 2.72500031] 
[2.3494505  2.84876633] 
[7.23961881 4.68872672] 
[6.23897522 2.92395725] 
[4.103  4.2685] 
[6.28000005 6.13099991] 
[5.17700001 4.88900015] 
[3.32900043 3.68999988] 
[3.85300001 2.28800001] 
[6.48799949 4.22099969] 
[2.44899975 3.71600012] 
[5.04100011 5.96399982] 
[6.95400162 6.42999992] 
[5.80400059 5.02699989] 
[5.74410536 6.70902969] 
[7.00699964 3.59800026] 
[6.84290291 2.16831691] 
[2.78899975 2.18499973] 
[7.00099971 5.39599971] 
[4.29300016 2.75200015] 
[4.15193143 4.97051701] 
[3.09199929 4.3319992 ] 
[5.16200004 3.64399954] 
[4.732     4.9139997] 
[5.38599888 3.27900291] 
[6.57499992 4.9959993 ] 
[2.34800085 4.35000005] 
[4.67800008 4.27899964] 
[7.34299997 3.02099979] 
[4.6780003  3.16299983] 
[2.96299907 2.91599906] 
[4.74799949 6.63700045] 
[6.38499997 3.70800012] 
[5.64299909 2.15699993] 
[4.40100472 3.65400409] 
[3.61599999 4.26199908] 
[3.14799986 4.78200011] 
[2.35300047 2.20800024] 
[5.73499953 4.39199998] 
[6.22400023 5.59299983] 
[5.33   4.5955] 
[2.50099975 3.22500012] 
[5.55899964 6.27200016] 
[4.68399989 2.32700055] 
[3.5879997  2.83199999] 
[6.22999978 5.08200085] 
[2.75699999 2.40300049] 
[5.76600039 3.57199988] 
[5.31020582 2.52920337] 
[6.6429996  3.04199946] 
[5.18070308 3.84304449] 
[6.87264267 6.19986627] 
[5.07669654 4.36561029] 
[4.26099978 4.58399969] 
[5.92200068 4.68500004] 
[5.15753677 3.09147046] 
[3.65100064 4.98599953] 
[3.20499723 2.51499614] 
[3.05300283 3.59200278] 
[2.43200338 2.44800225] 
[7.30000035 5.324     ] 
[6.78800023 6.84399983] 
[5.70299987 2.41700006] 
[2.91100001 3.8510005 ] 
[2.3769993  4.11500045] 
[3.61700036 3.78399981] 
[6.07200037 4.34899988] 
[4.10502912 2.56880438] 
[2.59966271 3.45939539] 
[6.71400029 5.42300058] 
[5.07700083 5.68200031] 
[4.83600004 2.82000032] 
[6.82499945 4.19799982] 
[3.11800037 4.51199933] 
[4.48700417 5.08200465] 
[4.07400032 2.18499996] 
[3.29900032 5.05599974] 
[2.3399999  4.88100039] 
[4.95500017 5.19499945] 
[5.71399953 4.02699998] 
[5.61500021 3.1240003 ] 
[2.7329996  4.52000005] 
[5.35493239 6.16889566] 
[6.46599968 3.34300017] 
[6.9540089  4.64700881] 
[6.08100002 5.7760013 ] 
[4.21800035 3.81399984] 
[5.71100002 5.67400004] 
[6.51000035 6.494     ] 
[3.28700022 4.17900031] 
[2.9399996  4.72899992] 
[7.17199835 6.495     ] 
[5.45499964 4.88199964] 
[2.68500045 2.95599991] 
[4.84300287 4.50100288] 
[2.88199989 3.15300051] 
[6.80200017 5.00399945] 
[4.77100002 3.81100004] 
[7.14400073 5.14800017] 
[5.61000002 5.90700004] 
[4.49799976 3.35599964] 
[6.30999971 4.70099971] 
107 
[7.21621508 5.17420729] 
[3.55382773 3.72843552] 
[6.07200037 4.34899988] 
[5.6605 5.7905] 
[5.49499907 2.72499973] 
[2.78899975 2.18499973] 
[5.28499984 4.55400028] 
[2.34800085 4.35000005] 
[4.26099978 4.58399969] 
[6.6429996  3.04199946] 
[7.01300003 6.64600003] 
[4.49000088 3.06400055] 
[2.28999975 3.02499973] 
[3.11800037 4.51199933] 
[4.77100002 3.81100004] 
[3.85300001 2.28800001] 
[4.74799949 6.63700045] 
[6.71400029 5.42300058] 
[6.84290291 2.16831691] 
[5.55899964 6.27200016] 
[5.29399992 3.86599768] 
[6.57499992 4.9959993 ] 
[6.25000442 6.30100665] 
[2.44900028 3.71599981] 
[6.22999978 5.08200085] 
[4.95500041 5.19499954] 
[7.34299997 3.02099979] 
[2.51899989 4.99299989] 
[5.15753677 3.09147046] 
[5.70299987 2.41700006] 
[2.88199988 3.15299893] 
[5.07700083 5.68200031] 
[4.68399989 2.32700055] 
[6.82499945 4.19799982] 
[5.92200068 4.68500004] 
[6.83000021 3.4190003 ] 
[7.23961881 4.68872672] 
[3.65100064 4.98599953] 
[4.09700084 2.73200031] 
[4.732     4.9139997] 
[4.40000565 3.97000558] 
[3.61599999 4.26199908] 
[6.38499997 3.70800012] 
[2.91100001 3.8510005 ] 
[6.08100002 5.7760013 ] 
[2.35300047 2.20800024] 
[4.67799997 4.2790007 ] 
[3.20499723 2.51499614] 
[3.5879997  2.83199999] 
[2.5956591  3.36265998] 
[2.94000034 4.72899996] 
[6.95400162 6.42999992] 
[4.25100007 4.93899972] 
[5.74410536 6.70902969] 
[6.23897522 2.92395725] 
[5.18382997 2.54273886] 
[5.03600058 4.34099964] 
[5.80400059 5.02699989] 
[5.76600039 3.57199988] 
[6.69999885 6.20099887] 
[5.38599888 3.27900291] 
[2.75699999 2.40300049] 
[4.103  4.2685] 
[2.43200338 2.44800225] 
[4.13400064 3.25499953] 
[5.64299909 2.15699993] 
[4.83600004 2.82000032] 
[5.43499971 4.34499971] 
[5.45499964 4.88199964] 
[5.35493239 6.16889566] 
[5.04100011 5.96399982] 
[2.3769993  4.11500045] 
[4.21800002 3.81399944] 
[5.71399953 4.02699998] 
[6.22400023 5.59299983] 
[2.33400003 2.82400007] 
[5.16300031 3.82800001] 
[6.80200017 5.00399945] 
[7.00099971 5.39599971] 
[5.85200017 5.95399945] 
[4.83399994 4.07199941] 
[3.28700022 4.17900031] 
[3.29900032 5.05599974] 
[3.09199929 4.3319992 ] 
[5.17700002 4.88900006] 
[4.85700045 3.27799991] 
[6.31099986 6.05800046] 
[6.46599968 3.34300017] 
[5.61500021 3.1240003 ] 
[4.49799976 3.35599964] 
[3.05300283 3.59200278] 
[6.78800023 6.84399983] 
[4.07400032 2.18499996] 
[3.95799957 4.86700019] 
[6.9540089  4.64700881] 
[5.25599994 4.19299975] 
[7.00699843 3.5979984 ] 
[5.73499953 4.39199998] 
[2.7329996  4.52000005] 
[2.68500045 2.95599991] 
[4.05900029 2.5340013 ] 
[7.172      6.49500018] 
[6.51000035 6.494     ] 
[6.48799949 4.22099969] 
[6.90500022 6.18100032] 
[6.30999971 4.70099971] 
[4.84300014 4.50100027] 
108 
[5.256      4.19299963] 
[3.11800037 4.51199933] 
[7.00099971 5.39599971] 
[2.50099975 3.22500012] 
[5.49500027 2.72500031] 
[6.08100002 5.7760013 ] 
[4.09700084 2.73200031] 
[6.6429996  3.04199946] 
[6.48799949 4.22099969] 
[4.26100059 4.58400015] 
[5.35493239 6.16889566] 
[7.10931821 6.48704059] 
[3.5879997  2.83199999] 
[2.78899975 2.18499973] 
[6.07200037 4.34899988] 
[3.32900043 3.68999988] 
[2.34800085 4.35000005] 
[7.10599872 4.66199991] 
[5.45499964 4.88199964] 
[3.95799957 4.86700019] 
[6.84290291 2.16831691] 
[4.21800035 3.81399984] 
[5.74410536 6.70902969] 
[5.15753677 3.09147046] 
[2.3399999  4.88100039] 
[4.95500041 5.19499954] 
[6.22999978 5.08200085] 
[5.16300051 3.82800038] 
[7.00699964 3.59800026] 
[2.43200338 2.44800225] 
[4.74799949 6.63700045] 
[7.34299997 3.02099979] 
[4.85699983 3.27799997] 
[5.76600039 3.57199988] 
[6.38499997 3.70800012] 
[5.92200068 4.68500004] 
[3.85300001 2.28800001] 
[3.61599999 4.26199908] 
[6.23900026 2.92399991] 
[5.64299909 2.15699993] 
[3.29900032 5.05599974] 
[5.05199982 4.48800055] 
[4.68399989 2.32700055] 
[6.57499969 4.99599906] 
[2.44899975 3.71600012] 
[6.78800023 6.84399983] 
[6.25000442 6.30100665] 
[4.25099809 4.93900108] 
[2.7329996  4.52000005] 
[2.91100001 3.8510005 ] 
[5.07700083 5.68200031] 
[2.75699999 2.40300049] 
[4.103  4.2685] 
[5.31600005 2.52600006] 
[4.83399994 4.07199941] 
[2.88199988 3.15299893] 
[4.13400064 3.25499953] 
[5.38599888 3.27900291] 
[5.6605 5.7905] 
[7.14400073 5.14800017] 
[3.14799986 4.78200011] 
[3.20499723 2.51499614] 
[3.61700036 3.78399981] 
[6.87264267 6.19986627] 
[2.59966271 3.45939539] 
[2.3494505  2.84876633] 
[4.732     4.9139997] 
[5.17700002 4.88900006] 
[5.73499953 4.39199998] 
[5.80400059 5.02699989] 
[6.71400029 5.42300058] 
[4.05900029 2.5340013 ] 
[6.82499945 4.19799982] 
[5.33   4.5955] 
[3.65100064 4.98599953] 
[4.83600004 2.82000032] 
[3.28700022 4.17900031] 
[5.71399953 4.02699998] 
[6.80200017 5.00399945] 
[6.51000035 6.494     ] 
[2.9399996  4.72899992] 
[2.3769993  4.11500045] 
[6.46599968 3.34300017] 
[4.40100472 3.65400409] 
[5.70299987 2.41700006] 
[6.31099986 6.05800046] 
[2.35300047 2.20800024] 
[3.05300283 3.59200278] 
[5.04100011 5.96399982] 
[4.67799997 4.2790007 ] 
[2.68500045 2.95599991] 
[5.55899964 6.27200016] 
[4.77100002 3.81100004] 
[4.07400032 2.18499996] 
[6.22400023 5.59299983] 
[2.5189999  4.99299995] 
[6.10100021 2.6880003 ] 
[5.61500021 3.1240003 ] 
[4.49000033 3.06399991] 
[7.35400018 4.68399978] 
[4.49799976 3.35599964] 
[5.03600058 4.34099964] 
[4.04799995 4.62200006] 
[7.30000035 5.324     ] 
[3.09199929 4.3319992 ] 
[5.16299951 2.53699992] 
[5.85200017 5.95399945] 
[4.48700417 5.08200465] 
109 
[3.20500032 2.51500024] 
[6.28000005 6.13099991] 
[4.83399973 4.07199906] 
[3.28700022 4.17900031] 
[6.23900026 2.92399991] 
[6.9540089  4.64700881] 
[5.17900039 2.99899988] 
[5.35493239 6.16889566] 
[5.33   4.5955] 
[6.07200037 4.34899988] 
[2.44900028 3.71599981] 
[4.49000033 3.06399991] 
[4.732     4.9139997] 
[7.01300003 6.64600003] 
[2.68500045 2.95599991] 
[6.83000021 3.4190003 ] 
[2.3399999  4.88100039] 
[6.22999978 5.08200085] 
[5.16299951 2.53699992] 
[6.71400029 5.42300058] 
[6.84290291 2.16831691] 
[3.61599999 4.26199908] 
[3.14799986 4.78200011] 
[2.56000011 2.24599937] 
[4.74799949 6.63700045] 
[4.09700084 2.73200031] 
[5.64299909 2.15699993] 
[5.07700083 5.68200031] 
[4.103  4.2685] 
[5.1619999  3.64399999] 
[7.21621508 5.17420729] 
[2.3769993  4.11500045] 
[5.74410536 6.70902969] 
[3.85300001 2.28800001] 
[4.25099809 4.93900108] 
[7.34299997 3.02099979] 
[6.82499945 4.19799982] 
[6.38499997 3.70800012] 
[4.21800002 3.81399944] 
[3.61700036 3.78399981] 
[6.57500464 4.99599685] 
[6.08100063 5.77599975] 
[5.256      4.19299963] 
[4.95500041 5.19499954] 
[4.68399989 2.32700055] 
[2.91100001 3.8510005 ] 
[2.3494505  2.84876633] 
[6.87264267 6.19986627] 
[4.84300287 4.50100288] 
[5.80400059 5.02699989] 
[4.49799976 3.35599964] 
[2.5956591  3.36265998] 
[3.29900032 5.05599974] 
[6.6429996  3.04199946] 
[2.7329996  4.52000005] 
[5.61500021 3.1240003 ] 
[5.71399953 4.02699998] 
[5.6605 5.7905] 
[7.23961881 4.68872672] 
[4.85699983 3.27799997] 
[3.5879997  2.83199999] 
[5.38599888 3.27900291] 
[4.26100059 4.58400015] 
[6.51000035 6.494     ] 
[2.75699999 2.40300049] 
[3.95799957 4.86700019] 
[5.17567154 3.85740863] 
[5.07669654 4.36561029] 
[5.92200068 4.68500004] 
[5.73499953 4.39199998] 
[5.76600039 3.57199988] 
[4.13400064 3.25499953] 
[4.83600004 2.82000032] 
[7.13625856 6.46829266] 
[2.5189999  4.99299995] 
[6.48799949 4.22099969] 
[6.30999971 4.70099971] 
[3.09199929 4.3319992 ] 
[5.04100609 5.96400599] 
[5.55899964 6.27200016] 
[5.49500027 2.72500031] 
[7.00099971 5.39599971] 
[3.11800037 4.51199933] 
[3.65100064 4.98599953] 
[4.07400032 2.18499996] 
[4.67799997 4.2790007 ] 
[2.96299907 2.91599906] 
[2.43200338 2.44800225] 
[4.05900029 2.5340013 ] 
[2.34800085 4.35000005] 
[2.88199989 3.15300051] 
[3.32900043 3.68999988] 
[6.46599968 3.34300017] 
[4.48700417 5.08200465] 
[3.05300283 3.59200278] 
[5.85200017 5.95399945] 
[5.70299987 2.41700006] 
[5.25800002 5.91100004] 
[6.78800023 6.84399983] 
[5.17700002 4.88900006] 
[5.31600005 2.52600006] 
[6.10100021 2.6880003 ] 
[4.40000565 3.97000558] 
[5.45499964 4.88199964] 
[2.9399996  4.72899992] 
[5.10700034 3.18799993] 
[4.04799995 4.62200006] 
[3.12700045 2.32499991] 
[7.00699843 3.5979984 ] 
110 
[6.08100002 5.7760013 ] 
[3.85300001 2.28800001] 
[4.26100059 4.58400015] 
[6.38499997 3.70800012] 
[2.3769993  4.11500045] 
[5.38599888 3.27900291] 
[2.3494505  2.84876633] 
[6.80200017 5.00399945] 
[6.6429996  3.04199946] 
[5.24847485 4.19663131] 
[3.11800037 4.51199933] 
[7.17199999 6.4949997 ] 
[5.04100011 5.96399982] 
[5.28499984 4.55400028] 
[5.31600005 2.52600006] 
[3.32900043 3.68999988] 
[4.49799976 3.35599964] 
[2.5956591  3.36265998] 
[6.30999971 4.70099971] 
[5.74410536 6.70902969] 
[6.84290291 2.16831691] 
[2.3399999  4.88100039] 
[4.103  4.2685] 
[5.16200004 3.64399954] 
[3.20499723 2.51499614] 
[4.95500041 5.19499954] 
[4.11116684 2.57390627] 
[2.43200338 2.44800225] 
[6.82499945 4.19799982] 
[7.21621508 5.17420729] 
[3.9579997  4.86699926] 
[4.74799949 6.63700045] 
[5.80400059 5.02699989] 
[6.51000035 6.494     ] 
[6.07200037 4.34899988] 
[5.55899964 6.27200016] 
[4.68399989 2.32700055] 
[6.71400029 5.42300058] 
[7.00699964 3.59800026] 
[7.34299997 3.02099979] 
[7.10599872 4.66199991] 
[2.91100001 3.8510005 ] 
[4.21800197 3.81400086] 
[2.75699999 2.40300049] 
[5.70299987 2.41700006] 
[6.10100021 2.6880003 ] 
[6.69999885 6.20099887] 
[4.732     4.9139997] 
[3.58800032 2.83200024] 
[3.61599999 4.26199908] 
[5.17899952 3.97500045] 
[5.17900039 2.99899988] 
[6.22999978 5.08200085] 
[2.88199989 3.15300051] 
[4.67799997 4.2790007 ] 
[5.71100002 5.67400004] 
[4.49000088 3.06400055] 
[5.07700083 5.68200031] 
[6.48799949 4.22099969] 
[2.7329996  4.52000005] 
[3.29900032 5.05599974] 
[3.61700036 3.78399981] 
[5.17700002 4.88900006] 
[5.64299909 2.15699993] 
[5.71399953 4.02699998] 
[2.44900028 3.71599981] 
[7.01300003 6.64600003] 
[4.83600004 2.82000032] 
[5.45499964 4.88199964] 
[5.0000001  4.47751017] 
[5.76600039 3.57199988] 
[6.31099986 6.05800046] 
[2.78899975 2.18499973] 
[4.25099809 4.93900108] 
[4.85700045 3.27799991] 
[2.5189999  4.99299995] 
[3.09199929 4.3319992 ] 
[4.13400064 3.25499953] 
[6.89150707 6.27117843] 
[2.9399996  4.72899992] 
[3.65100064 4.98599953] 
[2.35300047 2.20800024] 
[7.00099971 5.39599971] 
[6.22400023 5.59299983] 
[4.07400032 2.18499996] 
[5.73499953 4.39199998] 
[5.35493239 6.16889566] 
[3.05300283 3.59200278] 
[3.14799986 4.78200011] 
[2.68500045 2.95599991] 
[5.61500021 3.1240003 ] 
[5.92200068 4.68500004] 
[5.16300061 3.82800011] 
[5.85200002 5.954     ] 
[6.46599968 3.34300017] 
[2.34800085 4.35000005] 
[6.78800023 6.84399983] 
[4.48700417 5.08200465] 
[7.35400018 4.68399978] 
[6.57499992 4.9959993 ] 
[4.83399994 4.07199941] 
[4.77100002 3.81100004] 
[2.96299907 2.91599906] 
[5.49500027 2.72500031] 
[6.23900026 2.92399991] 
[5.10700034 3.18799993] 
[5.16299951 2.53699992] 
[3.55500043 2.61899988] 
[3.28700022 4.17900031] 
[6.25000442 6.30100665] 
111 
[5.37499978 4.6370008 ] 
[2.59966271 3.45939539] 
[5.15753677 3.09147046] 
[6.71400029 5.42300058] 
[5.55899964 6.27200016] 
[7.00699964 3.59800026] 
[3.28700022 4.17900031] 
[4.05900029 2.5340013 ] 
[7.13625856 6.46829266] 
[3.14799986 4.78200011] 
[6.10100021 2.6880003 ] 
[2.73601    2.71600892] 
[6.48799949 4.22099969] 
[5.16200004 3.64399954] 
[4.25099809 4.93900108] 
[6.28000005 6.13099991] 
[7.10599872 4.66199991] 
[5.80400059 5.02699989] 
[6.84290291 2.16831691] 
[2.29899984 3.95700008] 
[4.67799997 4.2790007 ] 
[5.07700083 5.68200031] 
[4.74799949 6.63700045] 
[5.18382997 2.54273886] 
[7.34299997 3.02099979] 
[4.70170596 3.22221327] 
[5.64299909 2.15699993] 
[7.21621508 5.17420729] 
[2.3399999  4.88100039] 
[6.38499997 3.70800012] 
[2.35300047 2.20800024] 
[4.732     4.9139997] 
[3.61700036 3.78399981] 
[2.68500045 2.95599991] 
[5.12100029 4.29899988] 
[4.103  4.2685] 
[5.85200017 5.95399945] 
[6.6429996  3.04199946] 
[3.20499723 2.51499614] 
[2.91100001 3.8510005 ] 
[5.74410536 6.70902969] 
[6.53499977 4.79799959] 
[5.73499953 4.39199998] 
[4.21800035 3.81399984] 
[3.95799957 4.86700019] 
[5.38599888 3.27900291] 
[3.5879997  2.83199999] 
[2.7329996  4.52000005] 
[4.68399989 2.32700055] 
[6.82499945 4.19799982] 
[2.28999975 3.02499973] 
[4.49000033 3.06399991] 
[6.22400023 5.59299983] 
[6.07200037 4.34899988] 
[4.95500041 5.19499954] 
[6.69999885 6.20099887] 
[2.37700038 4.11500002] 
[3.85300001 2.28800001] 
[7.35400018 4.68399978] 
[4.26099978 4.58399969] 
[2.75699974 2.40299995] 
[3.12077362 4.45505133] 
[5.76600039 3.57199988] 
[6.78800023 6.84399983] 
[5.17899976 3.9750009 ] 
[2.96299907 2.91599906] 
[6.22999978 5.08200085] 
[4.13400064 3.25499953] 
[4.83600004 2.82000032] 
[5.16300061 3.82800011] 
[5.49499907 2.72499973] 
[5.71399953 4.02699998] 
[3.61599999 4.26199908] 
[2.5189999  4.99299995] 
[5.70299987 2.41700006] 
[5.92200068 4.68500004] 
[5.71100002 5.67400004] 
[4.48700417 5.08200465] 
[3.32900043 3.68999988] 
[7.00099971 5.39599971] 
[2.43200338 2.44800225] 
[2.34800085 4.35000005] 
[5.04100011 5.96399982] 
[4.07400032 2.18499996] 
[3.65100064 4.98599953] 
[3.29900032 5.05599974] 
[6.80200017 5.00399945] 
[4.09700084 2.73200031] 
[6.46599968 3.34300017] 
[6.08100002 5.7760013 ] 
[5.05200098 4.48799996] 
[5.17700002 4.88900006] 
[2.9399996  4.72899992] 
[2.33400003 2.82400007] 
[2.50099975 3.22500012] 
[3.05300283 3.59200278] 
[5.35493239 6.16889566] 
[6.51000035 6.494     ] 
[4.84300287 4.50100288] 
[5.61000002 5.90700004] 
[6.90500022 6.18100032] 
[4.77100002 3.81100004] 
[6.57500032 4.99600024] 
[2.44899975 3.71600012] 
[5.61500021 3.1240003 ] 
[4.83399994 4.07199941] 
[2.88199989 3.15300051] 
[4.40100472 3.65400409] 
[5.43499971 4.34499971] 
[6.23900026 2.92399991] 
[7.01300003 6.64600003] 
112 
[3.05300283 3.59200278] 
[5.29399992 3.86599768] 
[7.13625856 6.46829266] 
[5.71100002 5.67400004] 
[7.00699964 3.59800026] 
[4.732     4.9139997] 
[3.5879997  2.83199999] 
[6.57499992 4.9959993 ] 
[2.51899989 4.99299989] 
[5.49499907 2.72499973] 
[4.49000033 3.06399991] 
[3.11800037 4.51199933] 
[6.84290291 2.16831691] 
[2.3494505  2.84876633] 
[5.74410536 6.70902969] 
[7.14400073 5.14800017] 
[4.67799997 4.2790007 ] 
[5.73499953 4.39199998] 
[2.3769993  4.11500045] 
[6.28000005 6.13099991] 
[5.04100011 5.96399982] 
[4.103  4.2685] 
[4.05900029 2.5340013 ] 
[6.82499945 4.19799982] 
[2.44900028 3.71599981] 
[2.757      2.40300001] 
[5.15753677 3.09147046] 
[6.22999978 5.08200085] 
[4.25099809 4.93900108] 
[6.46599968 3.34300017] 
[4.74799949 6.63700045] 
[5.0000001  4.47751017] 
[7.34299997 3.02099979] 
[6.71400029 5.42300058] 
[5.80400059 5.02699989] 
[3.32900043 3.68999988] 
[6.23900026 2.92399991] 
[7.10599872 4.66199991] 
[3.29900032 5.05599974] 
[2.9399996  4.72899992] 
[4.40100472 3.65400409] 
[5.64299909 2.15699993] 
[4.68399989 2.32700055] 
[5.24847485 4.19663131] 
[2.88199989 3.15300051] 
[2.35300043 2.20799988] 
[5.55899964 6.27200016] 
[3.28700022 4.17900031] 
[6.07200037 4.34899988] 
[6.51000035 6.494     ] 
[6.08100002 5.7760013 ] 
[6.78800023 6.84399983] 
[5.17700002 4.88900006] 
[5.18382997 2.54273886] 
[3.61599999 4.26199908] 
[4.26100059 4.58400015] 
[5.07700083 5.68200031] 
[4.07400032 2.18499996] 
[5.45499964 4.88199964] 
[5.16200004 3.64399954] 
[2.91100001 3.8510005 ] 
[5.76600039 3.57199988] 
[6.38499997 3.70800012] 
[3.61700036 3.78399981] 
[3.20500032 2.51500024] 
[6.87264267 6.19986627] 
[2.5956591  3.36265998] 
[5.70299987 2.41700006] 
[6.6429996  3.04199946] 
[4.13400064 3.25499953] 
[3.65100064 4.98599953] 
[4.95500041 5.19499954] 
[2.55999983 2.24600074] 
[2.34800085 4.35000005] 
[4.85699983 3.27799997] 
[3.14799986 4.78200011] 
[2.43200338 2.44800225] 
[5.61500021 3.1240003 ] 
[4.09700084 2.73200031] 
[5.16299988 3.82800114] 
[5.71399953 4.02699998] 
[4.83600004 2.82000032] 
[5.35493239 6.16889566] 
[5.28499984 4.55400028] 
[7.00099971 5.39599971] 
[4.48700417 5.08200465] 
[4.49799976 3.35599964] 
[6.80200017 5.00399945] 
[4.40000565 3.97000558] 
[2.7329996  4.52000005] 
[3.12700045 2.32499991] 
[5.85200002 5.954     ] 
[6.48799949 4.22099969] 
[3.09199929 4.3319992 ] 
[4.77100002 3.81100004] 
[3.95799957 4.86700019] 
[5.38599888 3.27900291] 
[2.68500045 2.95599991] 
[7.35400018 4.68399978] 
[4.04799995 4.62200006] 
[4.21800027 3.81400031] 
[5.92200068 4.68500004] 
[4.83399994 4.07199941] 
[3.85300001 2.28800001] 
[7.30000035 5.324     ] 
[2.73601    2.71600892] 
[6.30999971 4.70099971] 
[2.96299907 2.91599906] 
[6.22400023 5.59299983] 
[6.10100021 2.6880003 ] 
[2.78899975 2.18499973] 
[7.01300003 6.64600003] 
113 
[5.80400059 5.02699989] 
[3.5879997  2.83199999] 
[4.04799995 4.62200006] 
[6.10100021 2.6880003 ] 
[7.14400073 5.14800017] 
[5.61400827 6.59900814] 
[2.34800085 4.35000005] 
[5.17900179 3.97500244] 
[7.01300003 6.64600003] 
[2.43200338 2.44800225] 
[4.40100472 3.65400409] 
[5.16299951 2.53699992] 
[6.82499945 4.19799982] 
[6.38499997 3.70800012] 
[3.28700022 4.17900031] 
[5.6605 5.7905] 
[5.28499984 4.55400028] 
[2.59966271 3.45939539] 
[6.31099986 6.05800046] 
[4.95500017 5.19499945] 
[6.84290291 2.16831691] 
[4.49000033 3.06399991] 
[6.6429996  3.04199946] 
[5.38599888 3.27900291] 
[4.07399989 2.18499996] 
[4.74799949 6.63700045] 
[2.7329996  4.52000005] 
[5.64299909 2.15699993] 
[5.35493239 6.16889566] 
[3.29900032 5.05599974] 
[4.67799997 4.2790007 ] 
[6.57499969 4.99599906] 
[2.68500045 2.95599991] 
[3.61700036 3.78399981] 
[6.83000021 3.4190003 ] 
[7.10599872 4.66199991] 
[7.34299997 3.02099979] 
[2.91100001 3.8510005 ] 
[6.87264267 6.19986627] 
[6.07200037 4.34899988] 
[2.5189999  4.99299995] 
[5.07700083 5.68200031] 
[4.48700417 5.08200465] 
[2.3494505  2.84876633] 
[6.71400029 5.42300058] 
[4.13400064 3.25499953] 
[2.75699974 2.40299995] 
[6.22400023 5.59299983] 
[6.22999978 5.08200085] 
[4.68399989 2.32700055] 
[4.09700045 2.73199991] 
[4.85699983 3.27799997] 
[5.17700001 4.88900015] 
[7.35400018 4.68399978] 
[5.76600039 3.57199988] 
[5.16658329 3.78567104] 
[3.09199929 4.3319992 ] 
[3.20499723 2.51499614] 
[4.25099809 4.93900108] 
[4.732     4.9139997] 
[5.04100011 5.96399982] 
[5.73499953 4.39199998] 
[3.65100064 4.98599953] 
[2.29899984 3.95700008] 
[3.61599999 4.26199908] 
[2.35300047 2.20800024] 
[2.94000034 4.72899996] 
[6.25000442 6.30100665] 
[4.26100059 4.58400015] 
[4.77100002 3.81100004] 
[4.21800035 3.81399984] 
[5.15753677 3.09147046] 
[5.85200314 5.95399882] 
[4.103  4.2685] 
[5.49500027 2.72500031] 
[6.51000035 6.494     ] 
[6.80200017 5.00399945] 
[2.3399999  4.88100039] 
[5.70299987 2.41700006] 
[2.37700038 4.11500002] 
[6.48799949 4.22099969] 
[4.83600004 2.82000032] 
[5.55899964 6.27200016] 
[4.29300004 2.75200032] 
[6.23900026 2.92399991] 
[2.88199989 3.15300051] 
[5.71399953 4.02699998] 
[5.92200068 4.68500004] 
[6.46599968 3.34300017] 
[3.95799957 4.86700019] 
[7.00099971 5.39599971] 
[5.45499964 4.88199964] 
[5.31600005 2.52600006] 
[6.9539998  6.43000021] 
[5.03600067 4.34100028] 
[4.49799976 3.35599964] 
[3.32900043 3.68999988] 
[3.05300283 3.59200278] 
[7.17199999 6.4949997 ] 
[6.78800023 6.84399983] 
[4.83399994 4.07199941] 
[5.43499971 4.34499971] 
[5.61500021 3.1240003 ] 
[2.44899975 3.71600012] 
[4.05900029 2.5340013 ] 
[7.00699843 3.5979984 ] 
[2.96299907 2.91599906] 
[4.84300287 4.50100288] 
[2.50099975 3.22500012] 
[3.11800037 4.51199933] 
[5.74799977 6.71100063] 
[2.73601    2.71600892] 
[7.30000035 5.324     ] 
114 
[6.30999971 4.70099971] 
[3.12077362 4.45505133] 
[4.85700045 3.27799991] 
[6.87264267 6.19986627] 
[2.5956591  3.36265998] 
[6.10100021 2.6880003 ] 
[4.95500041 5.19499954] 
[5.61400827 6.59900814] 
[3.5879997  2.83199999] 
[3.95799957 4.86700019] 
[5.16299988 3.82800114] 
[2.35300047 2.20800024] 
[6.83000021 3.4190003 ] 
[7.14400073 5.14800017] 
[5.35493239 6.16889566] 
[2.34800085 4.35000005] 
[5.16299951 2.53699992] 
[6.84290291 2.16831691] 
[4.21800035 3.81399984] 
[4.68399989 2.32700055] 
[6.71400029 5.42300058] 
[6.08100002 5.7760013 ] 
[3.61700036 3.78399981] 
[5.43499971 4.34499971] 
[2.9399996  4.72899992] 
[6.82499945 4.19799982] 
[4.74799949 6.63700045] 
[5.38599888 3.27900291] 
[5.64299909 2.15699993] 
[5.07700083 5.68200031] 
[4.67799997 4.2790007 ] 
[7.34299997 3.02099979] 
[2.73601    2.71600892] 
[4.07400032 2.18499996] 
[6.22999978 5.08200085] 
[6.38499997 3.70800012] 
[2.28999975 3.02499973] 
[2.91100001 3.8510005 ] 
[4.732     4.9139997] 
[4.26099978 4.58399969] 
[4.49000033 3.06399991] 
[7.10931821 6.48704059] 
[2.51899989 4.99299989] 
[7.35400018 4.68399978] 
[5.03600067 4.34100028] 
[3.61599999 4.26199908] 
[6.48799949 4.22099969] 
[5.80400059 5.02699989] 
[4.09700084 2.73200031] 
[6.6429996  3.04199946] 
[2.44900028 3.71599981] 
[5.28499984 4.55400028] 
[3.20499723 2.51499614] 
[5.16200004 3.64399954] 
[6.78800023 6.84399983] 
[5.71100002 5.67400004] 
[6.57499992 4.9959993 ] 
[5.76600039 3.57199988] 
[3.29900032 5.05599974] 
[5.92200068 4.68500004] 
[4.103  4.2685] 
[6.07200037 4.34899988] 
[6.51000035 6.494     ] 
[7.10599872 4.66199991] 
[4.83600004 2.82000032] 
[4.13400064 3.25499953] 
[2.3769993  4.11500045] 
[5.71399953 4.02699998] 
[5.15753677 3.09147046] 
[6.28000005 6.13099991] 
[2.43200338 2.44800225] 
[6.22400023 5.59299983] 
[5.49500027 2.72500031] 
[2.96299907 2.91599906] 
[5.29399992 3.86599768] 
[5.73499953 4.39199998] 
[2.7329996  4.52000005] 
[4.25099809 4.93900108] 
[5.45499964 4.88199964] 
[5.04100609 5.96400599] 
[5.55899964 6.27200016] 
[6.23900026 2.92399991] 
[6.80200017 5.00399945] 
[5.17700002 4.88900006] 
[7.00099971 5.39599971] 
[2.33400003 2.82400007] 
[5.61000002 5.90700004] 
[5.70299987 2.41700006] 
[5.61500021 3.1240003 ] 
[3.65100064 4.98599953] 
[6.46599968 3.34300017] 
[4.48700417 5.08200465] 
[2.75699974 2.40299995] 
[5.25599994 4.19299975] 
[3.05300283 3.59200278] 
[4.83399994 4.07199941] 
[4.40100472 3.65400409] 
[4.67800017 3.16300035] 
[3.32900043 3.68999988] 
[4.77100002 3.81100004] 
[5.74799977 6.71100063] 
[3.85300001 2.28800001] 
[5.31600005 2.52600006] 
[2.88199989 3.15300051] 
[7.30000035 5.324     ] 
[5.25800002 5.91100004] 
[4.05900029 2.5340013 ] 
[4.49799976 3.35599964] 
[4.84300287 4.50100288] 
[2.68500045 2.95599991] 
[3.28700022 4.17900031] 
[5.85200017 5.95399945] 
[7.00699843 3.5979984 ] 
[3.14799986 4.78200011] 
115 
[6.38499997 3.70800012] 
[2.5956591  3.36265998] 
[5.07700083 5.68200031] 
[6.71400029 5.42300058] 
[4.49000033 3.06399991] 
[3.14799986 4.78200011] 
[5.17700002 4.88900006] 
[2.55999983 2.24600074] 
[7.01300003 6.64600003] 
[5.16299951 2.53699992] 
[4.103  4.2685] 
[5.17899952 3.97500045] 
[6.84290291 2.16831691] 
[5.55899964 6.27200016] 
[3.85300001 2.28800001] 
[7.10599872 4.66199991] 
[5.80400059 5.02699989] 
[3.61700036 3.78399981] 
[2.34800085 4.35000005] 
[6.23900026 2.92399991] 
[4.47300017 4.60000027] 
[6.28000005 6.13099991] 
[7.34299997 3.02099979] 
[6.07200037 4.34899988] 
[5.38599977 3.27899982] 
[2.91100001 3.8510005 ] 
[4.74799949 6.63700045] 
[5.70299987 2.41700006] 
[3.95799957 4.86700019] 
[7.21621508 5.17420729] 
[2.3494505  2.84876633] 
[2.3399999  4.88100039] 
[3.5879997  2.83199999] 
[6.69999885 6.20099887] 
[3.61599999 4.26199908] 
[5.85200017 5.95399945] 
[4.68399954 2.32699996] 
[7.00699843 3.5979984 ] 
[2.88199989 3.15300051] 
[5.05199982 4.48800055] 
[2.75699999 2.40300049] 
[6.82499945 4.19799982] 
[2.3769993  4.11500045] 
[4.05900029 2.5340013 ] 
[6.57499992 4.9959993 ] 
[3.11800037 4.51199933] 
[4.732     4.9139997] 
[4.40100472 3.65400409] 
[4.67799997 4.2790007 ] 
[4.49799976 3.35599964] 
[5.73499953 4.39199998] 
[2.44900028 3.71599981] 
[5.45499964 4.88199964] 
[7.35400018 4.68399978] 
[5.1755904  3.80788236] 
[5.76600039 3.57199988] 
[4.95500041 5.19499954] 
[5.61400827 6.59900814] 
[5.92200468 4.68499819] 
[6.22400023 5.59299983] 
[3.20499723 2.51499614] 
[5.35493239 6.16889566] 
[6.6429996  3.04199946] 
[2.73300008 4.52000002] 
[5.15753677 3.09147046] 
[4.13400064 3.25499953] 
[5.04100609 5.96400599] 
[4.83399994 4.07199941] 
[4.25099809 4.93900108] 
[7.13625856 6.46829266] 
[3.09199929 4.3319992 ] 
[5.37899893 2.56900052] 
[3.29900032 5.05599974] 
[4.07400032 2.18499996] 
[4.83600004 2.82000032] 
[2.43200338 2.44800225] 
[4.09700084 2.73200031] 
[6.51000035 6.494     ] 
[4.77100002 3.81100004] 
[6.08100002 5.7760013 ] 
[6.22999978 5.08200085] 
[6.78800023 6.84399983] 
[5.64299909 2.15699993] 
[5.33   4.5955] 
[5.71100002 5.67400004] 
[5.43499971 4.34499971] 
[2.5189999  4.99299995] 
[6.46599968 3.34300017] 
[2.68500045 2.95599991] 
[5.71399953 4.02699998] 
[3.05300283 3.59200278] 
[7.00099971 5.39599971] 
[4.04799995 4.62200006] 
[6.83000021 3.4190003 ] 
[4.40000565 3.97000558] 
[6.10100021 2.6880003 ] 
[3.65100064 4.98599953] 
[2.96299907 2.91599906] 
[4.48700417 5.08200465] 
[3.28700022 4.17900031] 
[2.78899975 2.18499973] 
[5.74799977 6.71100063] 
[6.90500022 6.18100032] 
[2.35300043 2.20799988] 
[5.25800002 5.91100004] 
[6.80200017 5.00399945] 
[6.48799949 4.22099969] 
[5.25599994 4.19299975] 
[5.61000002 5.90700004] 
[4.85699983 3.27799997] 
[5.03600058 4.34099964] 
[4.21800027 3.81400031] 
[4.55300004 2.49800032] 
[3.32900043 3.68999988] 
[4.26099996 4.58400002] 
116 
[2.5189999  4.99299995] 
[6.22400023 5.59299983] 
[5.15753677 3.09147046] 
[2.75699999 2.40300049] 
[5.17700002 4.88900006] 
[6.6429996  3.04199946] 
[4.21800027 3.81400031] 
[5.04100011 5.96399982] 
[6.07200037 4.34899988] 
[2.59966271 3.45939539] 
[6.87264267 6.19986627] 
[4.09700084 2.73200031] 
[5.17899952 3.97500045] 
[7.14400073 5.14800017] 
[4.25099809 4.93900108] 
[3.28700022 4.17900031] 
[5.74410536 6.70902969] 
[2.3769993  4.11500045] 
[6.25000442 6.30100665] 
[5.16299951 2.53699992] 
[6.84290291 2.16831691] 
[7.34299997 3.02099979] 
[6.22999978 5.08200085] 
[4.74799949 6.63700045] 
[6.38499997 3.70800012] 
[2.28999975 3.02499973] 
[3.29900032 5.05599974] 
[5.64299909 2.15699993] 
[3.61700036 3.78399981] 
[4.6999982 4.4183927] 
[7.13625856 6.46829266] 
[4.49000088 3.06400055] 
[5.55899964 6.27200016] 
[7.00699843 3.5979984 ] 
[7.10599872 4.66199991] 
[3.85300001 2.28800001] 
[2.43200338 2.44800225] 
[6.82499945 4.19799982] 
[5.03600067 4.34100028] 
[4.55300004 2.49800032] 
[4.732     4.9139997] 
[3.05300283 3.59200278] 
[5.61000002 5.90700004] 
[6.71400029 5.42300058] 
[5.73499953 4.39199998] 
[4.04799995 4.62200006] 
[3.5879997  2.83199999] 
[5.80400059 5.02699989] 
[6.57500464 4.99599685] 
[5.16200004 3.64399954] 
[2.68500045 2.95599991] 
[3.11800037 4.51199933] 
[5.76600039 3.57199988] 
[6.78800023 6.84399983] 
[6.23897522 2.92395725] 
[4.103  4.2685] 
[7.35400018 4.68399978] 
[2.91100001 3.8510005 ] 
[5.07700083 5.68200031] 
[6.08100002 5.7760013 ] 
[3.20500032 2.51500024] 
[5.28499984 4.55400028] 
[5.61500021 3.1240003 ] 
[4.13400064 3.25499953] 
[4.83600004 2.82000032] 
[3.61599999 4.26199908] 
[4.85700045 3.27799991] 
[2.9399996  4.72899992] 
[5.31600005 2.52600006] 
[6.30999971 4.70099971] 
[2.34800085 4.35000005] 
[5.16300061 3.82800011] 
[6.51000035 6.494     ] 
[5.256      4.19299963] 
[4.95500041 5.19499954] 
[2.3399999  4.88100039] 
[5.70299987 2.41700006] 
[2.78899975 2.18499973] 
[3.65100064 4.98599953] 
[5.35493239 6.16889566] 
[2.96299907 2.91599906] 
[6.31099986 6.05800046] 
[3.14799986 4.78200011] 
[2.35300047 2.20800024] 
[2.44899975 3.71600012] 
[4.07400032 2.18499996] 
[4.49799976 3.35599964] 
[6.46599968 3.34300017] 
[2.33400003 2.82400007] 
[7.00099971 5.39599971] 
[2.50099975 3.22500012] 
[5.71399953 4.02699998] 
[5.71100002 5.67400004] 
[3.32900043 3.68999988] 
[5.45499964 4.88199964] 
[4.48700417 5.08200465] 
[4.83399994 4.07199941] 
[4.77100002 3.81100004] 
[5.38599888 3.27900291] 
[5.92200068 4.68500004] 
[4.26100059 4.58400015] 
[2.88199989 3.15300051] 
[3.95799957 4.86700019] 
[7.30000035 5.324     ] 
[6.83000021 3.4190003 ] 
[4.40000565 3.97000558] 
[3.09199929 4.3319992 ] 
[4.05900029 2.5340013 ] 
[4.68399954 2.32699996] 
[6.48799949 4.22099969] 
[4.40100472 3.65400409] 
[5.85200017 5.95399945] 
[7.01300003 6.64600003] 
[5.49500027 2.72500031] 
[2.7329996  4.52000005] 
[3.12700045 2.32499991] 
117 
[2.44899975 3.71600012] 
[5.12100029 4.29899988] 
[6.28000005 6.13099991] 
[6.46599968 3.34300017] 
[4.09700084 2.73200031] 
[3.65100064 4.98599953] 
[2.757      2.40300001] 
[6.9540089  4.64700881] 
[5.64299909 2.15699993] 
[3.61700036 3.78399981] 
[5.35493239 6.16889566] 
[5.38599888 3.27900291] 
[2.7329996  4.52000005] 
[5.17700001 4.88900015] 
[6.48799949 4.22099969] 
[6.87264267 6.19986627] 
[6.84290291 2.16831691] 
[5.87400039 4.85600013] 
[4.47300017 4.60000027] 
[5.18382997 2.54273886] 
[4.103  4.2685] 
[4.49799976 3.35599964] 
[5.16300061 3.82800011] 
[2.3494505  2.84876633] 
[7.34299997 3.02099979] 
[7.30000035 5.324     ] 
[4.74799949 6.63700045] 
[6.10100021 2.6880003 ] 
[2.91100001 3.8510005 ] 
[6.22400023 5.59299983] 
[4.07400032 2.18499996] 
[3.5879997  2.83199999] 
[5.74410536 6.70902969] 
[5.04100609 5.96400599] 
[2.5189999  4.99299995] 
[3.11800037 4.51199933] 
[2.35300047 2.20800024] 
[6.71400029 5.42300058] 
[4.68399989 2.32700055] 
[2.3769993  4.11500045] 
[2.59966271 3.45939539] 
[6.57499992 4.9959993 ] 
[5.33   4.5955] 
[5.85200017 5.95399945] 
[3.61599999 4.26199908] 
[4.25099809 4.93900108] 
[6.78800023 6.84399983] 
[7.10931821 6.48704059] 
[4.83600442 4.99600665] 
[7.00699964 3.59800026] 
[4.83600004 2.82000032] 
[4.83399994 4.07199941] 
[6.82499945 4.19799982] 
[5.71399953 4.02699998] 
[3.20499723 2.51499614] 
[7.23961881 4.68872672] 
[5.07700083 5.68200031] 
[3.05300283 3.59200278] 
[5.76600039 3.57199988] 
[5.92200068 4.68500004] 
[6.6429996  3.04199946] 
[4.05900029 2.5340013 ] 
[4.21800027 3.81400031] 
[2.43200338 2.44800225] 
[2.96299907 2.91599906] 
[4.26099996 4.58400002] 
[6.38499997 3.70800012] 
[5.73499953 4.39199998] 
[6.22999978 5.08200085] 
[2.34800085 4.35000005] 
[3.14799986 4.78200011] 
[6.51000035 6.494     ] 
[5.15753677 3.09147046] 
[5.49499907 2.72499973] 
[4.85699983 3.27799997] 
[6.07200037 4.34899988] 
[4.49000033 3.06399991] 
[2.78899975 2.18499973] 
[5.17899976 3.9750009 ] 
[5.05199982 4.48800055] 
[7.00099971 5.39599971] 
[4.13400064 3.25499953] 
[5.16200004 3.64399954] 
[3.32900043 3.68999988] 
[3.28700022 4.17900031] 
[5.70299987 2.41700006] 
[5.45499964 4.88199964] 
[5.55899964 6.27200016] 
[3.29900032 5.05599974] 
[6.30999971 4.70099971] 
[4.48700417 5.08200465] 
[5.71100002 5.67400004] 
[6.80200017 5.00399945] 
[5.61000002 5.90700004] 
[4.67799997 4.2790007 ] 
[5.43499971 4.34499971] 
[7.14400073 5.14800017] 
[6.23900026 2.92399991] 
[6.08100002 5.7760013 ] 
[5.61500021 3.1240003 ] 
[3.85300001 2.28800001] 
[4.40100472 3.65400409] 
[3.95799957 4.86700019] 
[2.73601    2.71600892] 
[2.68500045 2.95599991] 
[4.7320002  4.91400007] 
[2.50099975 3.22500012] 
[2.9399996  4.72899992] 
[4.95500017 5.19499945] 
[2.3399999  4.88100039] 
[4.40000565 3.97000558] 
[2.88199989 3.15300051] 
[3.09199929 4.3319992 ] 
[5.25800002 5.91100004] 
[5.80399958 5.02699983] 
[4.77100002 3.81100004] 
[4.04799995 4.62200006] 
118 
[5.38599888 3.27900291] 
[6.71400029 5.42300058] 
[2.34800085 4.35000005] 
[5.25800002 5.91100004] 
[2.68500045 2.95599991] 
[4.26100059 4.58400015] 
[7.34299997 3.02099979] 
[5.80400059 5.02699989] 
[4.05900029 2.5340013 ] 
[3.28700022 4.17900031] 
[5.16299988 3.82800114] 
[5.70299987 2.41700006] 
[6.51000035 6.494     ] 
[7.35400018 4.68399978] 
[2.78899975 2.18499973] 
[6.38499997 3.70800012] 
[4.49799976 3.35599964] 
[5.07243831 4.43217457] 
[6.84290291 2.16831691] 
[4.74799949 6.63700045] 
[6.08100002 5.7760013 ] 
[6.6429996  3.04199946] 
[3.29900032 5.05599974] 
[6.07200037 4.34899988] 
[6.87264267 6.19986627] 
[5.74410536 6.70902969] 
[4.83600442 4.99600665] 
[7.10599872 4.66199991] 
[2.59966271 3.45939539] 
[3.32900043 3.68999988] 
[5.16299951 2.53699992] 
[2.9399996  4.72899992] 
[7.21621508 5.17420729] 
[4.15193143 4.97051701] 
[4.103  4.2685] 
[6.23900026 2.92399991] 
[2.3494505  2.84876633] 
[4.40000565 3.97000558] 
[6.82499945 4.19799982] 
[3.20499723 2.51499614] 
[6.57499969 4.99599906] 
[5.55899964 6.27200016] 
[7.13625856 6.46829266] 
[4.68399989 2.32700055] 
[2.44899975 3.71600012] 
[4.07400032 2.18499996] 
[2.3399999  4.88100039] 
[3.5879997  2.83199999] 
[4.67800017 3.16300035] 
[2.91100001 3.8510005 ] 
[4.84300287 4.50100288] 
[5.76600039 3.57199988] 
[5.17700002 4.88900006] 
[7.00699843 3.5979984 ] 
[5.16200004 3.64399954] 
[6.48799949 4.22099969] 
[2.35300047 2.20800024] 
[5.61000002 5.90700004] 
[3.61599999 4.26199908] 
[5.71399953 4.02699998] 
[6.31099986 6.05800046] 
[4.09700084 2.73200031] 
[6.78800023 6.84399983] 
[2.3769993  4.11500045] 
[3.09199929 4.3319992 ] 
[2.75699999 2.40300049] 
[4.83600004 2.82000032] 
[5.07700083 5.68200031] 
[5.49500027 2.72500031] 
[3.61700036 3.78399981] 
[4.48700417 5.08200465] 
[3.65100064 4.98599953] 
[5.17900039 2.99899988] 
[4.83399994 4.07199941] 
[2.43200338 2.44800225] 
[7.00099971 5.39599971] 
[2.5189999  4.99299995] 
[4.13400064 3.25499953] 
[6.22999978 5.08200085] 
[6.22400023 5.59299983] 
[5.61500021 3.1240003 ] 
[4.21800027 3.81400031] 
[5.92200068 4.68500004] 
[5.73499953 4.39199998] 
[5.35493239 6.16889566] 
[2.7329996  4.52000005] 
[5.33   4.5955] 
[4.67799997 4.2790007 ] 
[6.80200017 5.00399945] 
[4.04799995 4.62200006] 
[5.64299909 2.15699993] 
[4.40100472 3.65400409] 
[2.88199989 3.15300051] 
[5.22703552 4.20170191] 
[7.01300003 6.64600003] 
[6.83000021 3.4190003 ] 
[2.96299907 2.91599906] 
[5.45499964 4.88199964] 
[5.29399992 3.86599768] 
[3.05300283 3.59200278] 
[6.10100021 2.6880003 ] 
[4.95500041 5.19499954] 
[3.85300001 2.28800001] 
[6.25000442 6.30100665] 
[4.49000033 3.06399991] 
[4.77100002 3.81100004] 
[3.11800037 4.51199933] 
[5.43499971 4.34499971] 
[2.50099975 3.22500012] 
[5.31600005 2.52600006] 
[3.14799986 4.78200011] 
[6.46599968 3.34300017] 
[5.71100002 5.67400004] 
[5.85200017 5.95399945] 
[5.10700034 3.18799993] 
[5.04100609 5.96400599] 
[4.85700045 3.27799991] 
[4.7320002  4.91400007] 
119 
[5.28499984 4.55400028] 
[3.09199929 4.3319992 ] 
[5.64299909 2.15699993] 
[6.28000005 6.13099991] 
[3.20499723 2.51499614] 
[6.9540089  4.64700881] 
[4.49000033 3.06399991] 
[4.25099809 4.93900108] 
[6.23900026 2.92399991] 
[2.3494505  2.84876633] 
[5.04100609 5.96400599] 
[5.92200068 4.68500004] 
[4.05900029 2.5340013 ] 
[5.76600039 3.57199988] 
[4.40000565 3.97000558] 
[5.74410536 6.70902969] 
[7.01300003 6.64600003] 
[7.34299997 3.02099979] 
[7.00099971 5.39599971] 
[6.84290291 2.16831691] 
[5.16300061 3.82800011] 
[2.59966271 3.45939539] 
[5.49500027 2.72500031] 
[3.61599999 4.26199908] 
[2.3399999  4.88100039] 
[2.3769993  4.11500045] 
[6.48799949 4.22099969] 
[4.732     4.9139997] 
[3.29900032 5.05599974] 
[4.74799949 6.63700045] 
[5.85200017 5.95399945] 
[3.61700036 3.78399981] 
[5.15753677 3.09147046] 
[2.43200338 2.44800225] 
[6.38499997 3.70800012] 
[2.9399996  4.72899992] 
[4.67799997 4.2790007 ] 
[6.57499992 4.9959993 ] 
[4.55300004 2.49800032] 
[3.5879997  2.83199999] 
[2.68500045 2.95599991] 
[4.04799995 4.62200006] 
[6.22400023 5.59299983] 
[5.35493239 6.16889566] 
[7.00699964 3.59800026] 
[5.18797257 4.03425012] 
[6.87264267 6.19986627] 
[4.83399994 4.07199941] 
[2.91100001 3.8510005 ] 
[5.16299951 2.53699992] 
[5.80400059 5.02699989] 
[5.71399953 4.02699998] 
[5.17700001 4.88900015] 
[7.21621508 5.17420729] 
[6.22999978 5.08200085] 
[5.16200004 3.64399954] 
[4.04199996 4.33600002] 
[6.6429996  3.04199946] 
[5.38599888 3.27900291] 
[2.757      2.40300001] 
[5.07700083 5.68200031] 
[7.23961881 4.68872672] 
[4.83600004 2.82000032] 
[6.82499945 4.19799982] 
[6.71400029 5.42300058] 
[6.51000035 6.494     ] 
[6.07200037 4.34899988] 
[5.03600067 4.34100028] 
[4.13400064 3.25499953] 
[4.95500017 5.19499945] 
[4.07400032 2.18499996] 
[2.34800085 4.35000005] 
[3.14799986 4.78200011] 
[2.96299907 2.91599906] 
[3.32900043 3.68999988] 
[5.45499964 4.88199964] 
[3.65100064 4.98599953] 
[5.70299987 2.41700006] 
[4.21800027 3.81400031] 
[7.172      6.49500018] 
[2.7329996  4.52000005] 
[2.5189999  4.99299995] 
[5.55899964 6.27200016] 
[6.10100021 2.6880003 ] 
[2.44899975 3.71600012] 
[4.49799976 3.35599964] 
[5.71100002 5.67400004] 
[3.05300283 3.59200278] 
[5.73499953 4.39199998] 
[4.47300017 4.60000027] 
[2.35300047 2.20800024] 
[4.09700084 2.73200031] 
[6.08100002 5.7760013 ] 
[5.61500021 3.1240003 ] 
[5.43499971 4.34499971] 
[4.48700417 5.08200465] 
[4.85699983 3.27799997] 
[6.78800023 6.84399983] 
[4.77100002 3.81100004] 
[6.46599968 3.34300017] 
[3.85300001 2.28800001] 
[2.88199989 3.15300051] 
[4.40100472 3.65400409] 
[2.78899975 2.18499973] 
[6.30999971 4.70099971] 
[2.73601    2.71600892] 
[4.84300287 4.50100288] 
[2.50099975 3.22500012] 
[4.16399996 4.20100002] 
[3.11800037 4.51199933] 
[5.31600005 2.52600006] 
[4.68399954 2.32699996] 
[5.25800002 5.91100004] 
[3.95799957 4.86700019] 
[4.26099996 4.58400002] 
[3.28700022 4.17900031] 
[6.95400162 6.42999992] 
[5.61000002 5.90700004] 
[6.80200017 5.00399945] 
120 
[4.85699983 3.27799997] 
[6.30999971 4.70099971] 
[2.28999975 3.02499973] 
[6.51000035 6.494     ] 
[3.11800037 4.51199933] 
[4.732     4.9139997] 
[6.84290291 2.16831691] 
[5.43499971 4.34499971] 
[5.49499907 2.72499973] 
[5.61000002 5.90700004] 
[4.05900029 2.5340013 ] 
[6.38499997 3.70800012] 
[4.21800002 3.81399944] 
[6.71400029 5.42300058] 
[2.75699974 2.40299995] 
[6.6429996  3.04199946] 
[2.29899984 3.95700008] 
[7.10599872 4.66199991] 
[5.61400827 6.59900814] 
[5.16300061 3.82800011] 
[7.13625856 6.46829266] 
[3.55200045 3.72500034] 
[2.5956591  3.36265998] 
[4.74799949 6.63700045] 
[3.29900032 5.05599974] 
[2.3399999  4.88100039] 
[4.25099809 4.93900108] 
[5.03600067 4.34100028] 
[5.15753677 3.09147046] 
[5.64299909 2.15699993] 
[6.22400023 5.59299983] 
[5.80400059 5.02699989] 
[2.68500045 2.95599991] 
[6.83000021 3.4190003 ] 
[7.34299997 3.02099979] 
[4.04799995 4.62200006] 
[5.25800002 5.91100004] 
[6.82499945 4.19799982] 
[5.17700001 4.88900015] 
[6.48799949 4.22099969] 
[3.61599999 4.26199908] 
[7.21621508 5.17420729] 
[6.25000442 6.30100665] 
[4.68399989 2.32700055] 
[3.20500032 2.51500024] 
[4.07400032 2.18499996] 
[3.09199929 4.3319992 ] 
[6.23900026 2.92399991] 
[2.43200338 2.44800225] 
[5.38599888 3.27900291] 
[4.77100002 3.81100004] 
[4.67799997 4.2790007 ] 
[2.7329996  4.52000005] 
[2.91100001 3.8510005 ] 
[6.87264267 6.19986627] 
[5.18382997 2.54273886] 
[5.55899964 6.27200016] 
[6.22999978 5.08200085] 
[3.55500043 2.61899988] 
[4.49799976 3.35599964] 
[6.07200037 4.34899988] 
[6.80200017 5.00399945] 
[5.70299987 2.41700006] 
[5.28499984 4.55400028] 
[5.76600039 3.57199988] 
[4.103  4.2685] 
[4.13400064 3.25499953] 
[2.34800085 4.35000005] 
[4.49000033 3.06399991] 
[5.71399953 4.02699998] 
[4.95500017 5.19499945] 
[6.78800023 6.84399983] 
[5.07700083 5.68200031] 
[6.46599968 3.34300017] 
[6.31099986 6.05800046] 
[5.16200004 3.64399954] 
[4.83600004 2.82000032] 
[2.44900028 3.71599981] 
[5.35493239 6.16889566] 
[5.73499953 4.39199998] 
[2.5189999  4.99299995] 
[3.65100064 4.98599953] 
[2.9399996  4.72899992] 
[7.00099971 5.39599971] 
[2.96299907 2.91599906] 
[5.61500021 3.1240003 ] 
[3.05300283 3.59200278] 
[7.35400018 4.68399978] 
[5.92200068 4.68500004] 
[6.08100002 5.7760013 ] 
[5.25599994 4.19299975] 
[2.33400003 2.82400007] 
[5.45499964 4.88199964] 
[4.48700417 5.08200465] 
[3.14799986 4.78200011] 
[2.35300047 2.20800024] 
[4.83399994 4.07199941] 
[6.57499992 4.9959993 ] 
[5.71100002 5.67400004] 
[6.10100021 2.6880003 ] 
[4.26100059 4.58400015] 
[7.00699843 3.5979984 ] 
[2.73601    2.71600892] 
[5.04100609 5.96400599] 
[3.28700022 4.17900031] 
[3.85300001 2.28800001] 
[2.37700038 4.11500002] 
[5.74799977 6.71100063] 
[2.88199989 3.15300051] 
[3.12700045 2.32499991] 
[7.01300003 6.64600003] 
[3.95799957 4.86700019] 
[4.40000565 3.97000558] 
[4.09700084 2.73200031] 
[5.85200017 5.95399945] 
[4.84300287 4.50100288] 
[5.17899952 3.97500045] 
[3.32900043 3.68999988] 
[3.58800032 2.83200024] 
[3.72100007 3.84200011] 
