10 
6.722956841666848 4.763673802606978 
2.6150004693096243 3.3560001412785505 
5.0957937546341645 2.7858881036402847 
5.467216352078851 6.217274746125867 
5.219644089033287 4.37676718969212 
4.1556489161281736 4.453356187228623 
6.84765150815198 6.313602251034769 
3.274046801394339 2.4959558141353377 
2.7825387498247354 4.479847947843378 
6.6430002398864305 3.0420001952633773 
2941.370704940313 
10 
6.6430002398864305 3.0420001952633773 
2.637070682794341 2.824329961477079 
6.0101528358896585 4.623414548535061 
4.892855108341638 4.500000213863886 
4.146808376224574 2.6295109095949956 
2.996803980328084 4.259223467019682 
6.929405742888872 6.407159855810989 
6.967179908572373 4.8454025646261085 
5.320161413267059 2.828651908662249 
5.518080578878798 6.207863293189161 
2870.069387406972 
10 
6.847172231381473 4.79031255010408 
2.9931650626580417 4.253781511255831 
5.403613349484915 4.594460286371254 
4.177742117664948 2.594344442645907 
6.1128382038703615 2.737552516043095 
5.537182759458648 6.177802307939676 
2.637070682794341 2.824329961477079 
6.953999506930289 6.429998850977121 
5.070832309285633 3.63898837484806 
4.363841908686286 4.690717156245878 
2916.0581286167926 
10 
5.167907065122515 3.8162122939392678 
2.7806088012377836 4.269037355775732 
2.6501209399836902 2.7666715186662953 
6.1497144212712795 6.2394662611890315 
5.390472043139661 2.5629728439303494 
6.722550738820669 4.776077927983056 
5.2010381996926 4.714834161918302 
4.041999568017725 4.336000304265783 
6.6430128087451354 3.042006659509399 
4.176717182408843 2.649769495468878 
2921.057730922427 
10 
6.953999669322039 6.430000184539914 
4.042000141446317 4.336000426420457 
6.9634642940094835 4.899789625234935 
4.851009217334154 2.769315643098239 
2.732628298656054 2.738193450555334 
5.537182759458648 6.177802307939676 
2.7950425598984534 4.286977438705479 
6.643000807152284 3.0419992167824366 
5.080919774190626 4.36950824000069 
6.102023944320231 4.398619048721944 
2896.950099669164 
10 
2.7950425598984534 4.286977438705479 
5.330778938621419 2.677249924129619 
6.639991713528515 4.7774487011030615 
5.07858612636581 5.124618649743011 
6.249644741343394 6.2729852579701815 
4.146808376224574 2.6295109095949956 
6.6430002398864305 3.0420001952633773 
5.181659423678622 4.161981958091208 
2.6501209399836902 2.7666715186662953 
4.0420001454923495 4.336000219018347 
2922.369572531483 
10 
5.005567282581689 3.851321775563735 
6.1497144212712795 6.2394662611890315 
2.779410702072776 3.8779301960305967 
5.377448216245007 2.681540115542892 
6.56931978175134 4.791780057368762 
4.115999849648202 2.5640001280430638 
6.6430002398864305 3.0420001952633773 
4.979276427087589 4.750247618748048 
2.6645245305429115 2.6983296936270276 
3.1570930308555916 4.508250750211117 
3011.9013873663953 
10 
4.115999849648202 2.5640001280430638 
6.1497144212712795 6.2394662611890315 
6.462011655344967 2.857568171133518 
5.133943592935273 3.221517573867783 
3.8355243140081194 4.226997205778521 
5.024605227308602 4.610253014593622 
2.6501209399836902 2.7666715186662953 
2.682182724727077 4.301755387277306 
6.859107366239333 4.953926139060809 
6.112767835304579 4.377221552257235 
3003.3506753169277 
10 
5.518080578878798 6.207863293189161 
3.000001140875199 3.6815085701743815 
5.171456958570004 4.02542399259194 
6.549722977234824 4.80031021302621 
6.504603299863098 2.937926118446747 
2.767337562548913 2.586437850893308 
6.953999506930289 6.429998850977121 
4.675703202532485 2.762520898793215 
2.9143088707785516 4.463059464119803 
4.541587208025289 4.72942672882845 
2982.4237878361955 
