161 
[4.05900029 2.5340013 ] 
[5.61000002 5.90700004] 
[5.16299981 3.82799955] 
[2.29899984 3.95700008] 
[7.30000035 5.324     ] 
[3.28700022 4.17900031] 
[6.84290291 2.16831691] 
[2.43200338 2.44800225] 
[4.48700417 5.08200465] 
[6.95400162 6.42999992] 
[6.30999971 4.70099971] 
[5.17900039 2.99899988] 
[6.46599968 3.34300017] 
[5.05200631 4.48800621] 
[2.9399996  4.72899992] 
[4.04199996 4.33600002] 
[5.70299987 2.41700006] 
[6.9540089  4.64700881] 
[5.55899964 6.27200016] 
[4.69100002 6.77700004] 
[2.60300028 3.37600047] 
[6.10399932 5.92900001] 
[4.40100472 3.65400409] 
[7.00699843 3.5979984 ] 
[6.00400064 4.94199953] 
[5.09900064 5.05200046] 
[3.20500032 2.51500024] 
[7.34299997 3.02099979] 
[4.04799995 4.62200006] 
[6.75400442 5.58600665] 
[6.82499945 4.19799982] 
[2.3479996  4.35000005] 
[5.07700083 5.68200031] 
[4.83600004 2.82000032] 
[6.35700035 4.12099981] 
[2.65500021 4.94000023] 
[3.61599999 4.26199908] 
[5.31600005 2.52600006] 
[2.90499986 4.02300011] 
[4.48999986 3.06399972] 
[3.32900043 3.68999988] 
[4.67799997 4.2790007 ] 
[4.68399954 2.32699996] 
[2.68500045 2.95599991] 
[6.31099986 6.05800046] 
[5.73499953 4.39199998] 
[5.74799977 6.71100063] 
[5.38599888 3.27900291] 
[6.23900026 2.92399991] 
[4.07400032 2.18499996] 
[3.58800032 2.83200024] 
[5.02499974 3.72500032] 
[4.25099809 4.93900108] 
[3.11800037 4.51199933] 
[3.65100064 4.98599953] 
[2.75700007 2.40300011] 
[7.35400018 4.68399978] 
[5.33   4.5955] 
[6.57500032 4.99600024] 
[2.33400003 2.82400007] 
[4.47300017 4.60000027] 
[6.78800023 6.84399983] 
[6.64300017 3.04200035] 
[5.64300026 2.15699991] 
[6.38499963 3.70800009] 
[3.61700036 3.78399981] 
[5.17899952 3.97500045] 
[4.85700045 3.27799991] 
[6.90500022 6.18100032] 
[5.76600039 3.57199988] 
[4.83600442 4.99600665] 
[5.25800002 5.91100004] 
[4.13400064 3.25499953] 
[6.05999932 4.65900001] 
[6.14799947 5.20899947] 
[6.51000035 6.494     ] 
[5.25599994 4.19299975] 
[4.40000565 3.97000558] 
[5.71399953 4.02699998] 
[6.10100021 2.6880003 ] 
[5.35493239 6.16889566] 
[6.22400023 5.59299983] 
[7.30199932 5.12400001] 
[2.51300007 3.57000011] 
[3.05300283 3.59200278] 
[7.00099971 5.39599971] 
[6.07199996 4.34900002] 
[2.96299907 2.91599906] 
[3.29900032 5.05599974] 
[7.172      6.49500018] 
[5.17700002 4.88900006] 
[5.10700034 3.18799993] 
[2.55999983 2.24600074] 
[5.61500021 3.1240003 ] 
[3.0079999  4.24000039] 
[2.88199989 3.15300051] 
[2.3399999  4.88100039] 
[4.49799976 3.35599964] 
[5.16299951 2.53699992] 
[5.71100002 5.67400004] 
[2.37700038 4.11500002] 
[4.7320002  4.91400007] 
[2.7329996  4.52000005] 
[5.45499964 4.88199964] 
[6.83000021 3.4190003 ] 
[4.77100002 3.81100004] 
[4.29300004 2.75200032] 
[4.83399994 4.07199941] 
[5.85200017 5.95399945] 
[2.73601    2.71600892] 
[2.35300043 2.20799988] 
[5.04100609 5.96400599] 
[3.85300001 2.28800001] 
[6.80200017 5.00399945] 
[6.53499953 4.79799998] 
[3.14799986 4.78200011] 
[4.21800027 3.81400031] 
[3.55500043 2.61899988] 
[3.95799957 4.86700019] 
[5.43499971 4.34499971] 
[7.01300003 6.64600003] 
[2.78899975 2.18499973] 
[4.67800017 3.16300035] 
[5.03600058 4.34099964] 
[4.55300004 2.49800032] 
[4.26099996 4.58400002] 
[4.84300287 4.50100288] 
[6.69999885 6.20099887] 
[2.50099975 3.22500012] 
[5.80399958 5.02699983] 
[4.16399996 4.20100002] 
[2.28999975 3.02499973] 
[5.61400827 6.59900814] 
[4.95500017 5.19499945] 
[3.12700045 2.32499991] 
[6.278 3.548] 
[5.49500027 2.72500031] 
[4.09700045 2.73199991] 
[6.71399932 5.42300001] 
[7.14400023 5.14799983] 
[2.911009   3.85100914] 
[6.25000442 6.30100665] 
[5.20700013 4.45800019] 
[6.48799971 4.22100023] 
[4.41800472 2.91400409] 
[5.33599968 3.70800017] 
[2.44899975 3.71600012] 
[5.48700011 2.16399986] 
[6.21500023 4.29299983] 
[5.87399995 4.85600006] 
[7.106009   4.66200914] 
[4.74799965 6.63699965] 
[5.16200004 3.64400032] 
[2.83799998 2.53599999] 
[6.08099995 5.77600006] 
[2.50000026 4.36599991] 
[2.51899976 4.993     ] 
[5.92200023 4.68499983] 
[6.54200002 2.94700004] 
[3.09200004 4.33200032] 
[6.22999885 5.08199887] 
162 
[7.34299997 3.02099979] 
[4.26099996 4.58400002] 
[6.22400023 5.59299983] 
[2.96299907 2.91599906] 
[5.16299951 2.53699992] 
[2.65500021 4.94000023] 
[6.278 3.548] 
[5.43499971 4.34499971] 
[7.106009   4.66200914] 
[5.61400827 6.59900814] 
[4.05900029 2.5340013 ] 
[3.05300283 3.59200278] 
[5.07700083 5.68200031] 
[6.90500022 6.18100032] 
[4.49799976 3.35599964] 
[2.43200338 2.44800225] 
[3.61599999 4.26199908] 
[6.21500023 4.29299983] 
[5.16300024 3.82800032] 
[4.732     4.9139997] 
[2.29899984 3.95700008] 
[6.6429996  3.04199946] 
[4.69100002 6.77700004] 
[7.00099971 5.39599971] 
[6.90700033 2.10299982] 
[6.00400064 4.94199953] 
[5.61500021 3.1240003 ] 
[5.64300026 2.15699991] 
[2.7329996  4.52000005] 
[2.60300028 3.37600047] 
[6.31099986 6.05800046] 
[4.83399994 4.07199941] 
[3.65100064 4.98599953] 
[7.00699843 3.5979984 ] 
[6.57500032 4.99600024] 
[6.82499945 4.19799982] 
[5.61000002 5.90700004] 
[4.40000565 3.97000558] 
[3.09199929 4.3319992 ] 
[5.10700034 3.18799993] 
[5.09900064 5.05200046] 
[3.55200045 3.72500034] 
[4.55300004 2.49800032] 
[2.83799998 2.53599999] 
[3.55500043 2.61899988] 
[5.05200631 4.48800621] 
[2.33400003 2.82400007] 
[5.35493239 6.16889566] 
[7.01300003 6.64600003] 
[4.25099809 4.93900108] 
[5.33   4.5955] 
[3.14799986 4.78200011] 
[6.23900026 2.92399991] 
[3.20500032 2.51500024] 
[7.30199932 5.12400001] 
[4.07400032 2.18499996] 
[4.67800017 3.16300035] 
[6.05999932 4.65900001] 
[5.71399953 4.02699998] 
[4.41800472 2.91400409] 
[4.67799997 4.2790007 ] 
[2.3479996  4.35000005] 
[5.31600005 2.52600006] 
[5.76600039 3.57199988] 
[4.16399996 4.20100002] 
[2.78899975 2.18499973] 
[6.75400442 5.58600665] 
[4.13400064 3.25499953] 
[7.172      6.49500018] 
[6.14799947 5.20899947] 
[2.90499986 4.02300011] 
[6.51000035 6.494     ] 
[5.04100609 5.96400599] 
[5.25599994 4.19299975] 
[2.3399999  4.88100039] 
[5.70299987 2.41700006] 
[4.40100472 3.65400409] 
[5.55899964 6.27200016] 
[3.95799957 4.86700019] 
[6.08099995 5.77600006] 
[2.68500045 2.95599991] 
[3.29900032 5.05599974] 
[5.07700258 4.7780026 ] 
[6.78800023 6.84399983] 
[5.73499953 4.39199998] 
[4.83600004 2.82000032] 
[6.46599968 3.34300017] 
[2.51300007 3.57000011] 
[4.77100002 3.81100004] 
[4.48700417 5.08200465] 
[2.9399996  4.72899992] 
[2.55999983 2.24600074] 
[5.38599888 3.27900291] 
[6.10100021 2.6880003 ] 
[5.71100002 5.67400004] 
[5.74799977 6.71100063] 
[6.83000021 3.4190003 ] 
[2.37700038 4.11500002] 
[5.80399958 5.02699983] 
[7.35400018 4.68399978] 
[2.88199989 3.15300051] 
[3.85300001 2.28800001] 
[6.30999971 4.70099971] 
[5.45499964 4.88199964] 
[3.28700022 4.17900031] 
[6.80200017 5.00399945] 
[5.03600058 4.34099964] 
[5.33599968 3.70800017] 
[4.47300017 4.60000027] 
[3.58800032 2.83200024] 
[5.85200017 5.95399945] 
[4.68399954 2.32699996] 
[6.35700035 4.12099981] 
[3.11800037 4.51199933] 
[6.25000442 6.30100665] 
[4.09700045 2.73199991] 
[4.21800027 3.81400031] 
[5.25800002 5.91100004] 
[5.49500027 2.72500031] 
[2.35300043 2.20799988] 
[4.04799995 4.62200006] 
[3.32900043 3.68999988] 
[4.84300287 4.50100288] 
[3.72100007 3.84200011] 
[3.12700045 2.32499991] 
[5.17900039 2.99899988] 
[5.17899952 3.97500045] 
[7.30000035 5.324     ] 
[4.85700045 3.27799991] 
[2.73601    2.71600892] 
[6.53499953 4.79799998] 
[2.28999975 3.02499973] 
[2.50099975 3.22500012] 
[4.48999986 3.06399972] 
[5.16200004 3.64400032] 
[4.95500017 5.19499945] 
[6.38499963 3.70800009] 
[4.29300004 2.75200032] 
[4.04199996 4.33600002] 
[6.71399932 5.42300001] 
[6.95400162 6.42999992] 
[2.911009   3.85100914] 
[6.69999885 6.20099887] 
[5.87399995 4.85600006] 
[5.20700013 4.45800019] 
[5.48700011 2.16399986] 
[2.75700007 2.40300011] 
[7.14400023 5.14799983] 
[6.10399932 5.92900001] 
[6.9540089  4.64700881] 
[2.50000026 4.36599991] 
[5.02499974 3.72500032] 
[6.48799971 4.22100023] 
[6.22999885 5.08199887] 
[2.51899976 4.993     ] 
[5.92200023 4.68499983] 
[2.44899975 3.71600012] 
[5.29400026 3.86599991] 
[6.83297695 2.19796314] 
[4.74799965 6.63699965] 
[5.17700003 4.88900003] 
[6.07199996 4.34900002] 
163 
[5.45499964 4.88199964] 
[4.13400064 3.25499953] 
[3.05300283 3.59200278] 
[6.31099986 6.05800046] 
[6.83000021 3.4190003 ] 
[5.61500021 3.1240003 ] 
[2.75700007 2.40300011] 
[3.09200004 4.33200032] 
[7.35400018 4.68399978] 
[4.67800013 4.27900019] 
[6.84290291 2.16831691] 
[4.69100002 6.77700004] 
[5.25800002 5.91100004] 
[4.07400032 2.18499996] 
[6.95400162 6.42999992] 
[5.31600005 2.52600006] 
[6.30999971 4.70099971] 
[4.25099809 4.93900108] 
[2.60300028 3.37600047] 
[2.37700038 4.11500002] 
[5.43499971 4.34499971] 
[5.55899964 6.27200016] 
[2.65500021 4.94000023] 
[4.85700045 3.27799991] 
[7.00099971 5.39599971] 
[2.28999975 3.02499973] 
[4.21800027 3.81400031] 
[6.82499945 4.19799982] 
[3.72100007 3.84200011] 
[5.02499974 3.72500032] 
[4.83600442 4.99600665] 
[3.29900032 5.05599974] 
[4.05900029 2.5340013 ] 
[7.34299997 3.02099979] 
[2.68500045 2.95599991] 
[5.74799977 6.71100063] 
[5.70299987 2.41700006] 
[6.22999885 5.08199887] 
[4.55300004 2.49800032] 
[6.6429996  3.04199946] 
[3.55500043 2.61899988] 
[6.46599968 3.34300017] 
[5.85200017 5.95399945] 
[6.00400064 4.94199953] 
[4.04199996 4.33600002] 
[6.10100021 2.6880003 ] 
[6.08099995 5.77600006] 
[5.20700013 4.45800019] 
[6.21500023 4.29299983] 
[5.38599888 3.27900291] 
[4.47300017 4.60000027] 
[4.48999986 3.06399972] 
[2.7329996  4.52000005] 
[5.17899952 3.97500045] 
[6.51000035 6.494     ] 
[2.43200338 2.44800225] 
[3.61599999 4.26199908] 
[6.53499953 4.79799998] 
[6.90500022 6.18100032] 
[7.14400023 5.14799983] 
[3.12700045 2.32499991] 
[5.17700002 4.88900006] 
[5.76600039 3.57199988] 
[2.3399999  4.88100039] 
[5.10700034 3.18799993] 
[6.78800023 6.84399983] 
[6.9540089  4.64700881] 
[5.07700083 5.68200031] 
[2.911009   3.85100914] 
[6.38499963 3.70800009] 
[6.57500032 4.99600024] 
[4.83600004 2.82000032] 
[2.9399996  4.72899992] 
[6.71399932 5.42300001] 
[5.71399953 4.02699998] 
[5.92200023 4.68499983] 
[5.71100002 5.67400004] 
[3.95799957 4.86700019] 
[3.65100064 4.98599953] 
[5.33599968 3.70800017] 
[5.73499953 4.39199998] 
[2.3479996  4.35000005] 
[5.03600058 4.34099964] 
[2.88199989 3.15300051] 
[5.35493239 6.16889566] 
[5.16299951 2.53699992] 
[3.32900043 3.68999988] 
[4.41800472 2.91400409] 
[2.35300043 2.20799988] 
[5.64300026 2.15699991] 
[2.73601    2.71600892] 
[2.51300007 3.57000011] 
[4.77100002 3.81100004] 
[2.33400003 2.82400007] 
[6.35700035 4.12099981] 
[4.83399994 4.07199941] 
[2.50099975 3.22500012] 
[4.48700417 5.08200465] 
[4.49799976 3.35599964] 
[6.23900026 2.92399991] 
[3.28700022 4.17900031] 
[3.85300001 2.28800001] 
[5.33   4.5955] 
[6.25000442 6.30100665] 
[3.55200045 3.72500034] 
[4.26099996 4.58400002] 
[7.00699843 3.5979984 ] 
[2.96299907 2.91599906] 
[7.30000035 5.324     ] 
[3.11800037 4.51199933] 
[5.61000002 5.90700004] 
[2.78899975 2.18499973] 
[4.04799995 4.62200006] 
[4.7320002  4.91400007] 
[4.40100472 3.65400409] 
[6.22400023 5.59299983] 
[4.95500017 5.19499945] 
[2.55999983 2.24600074] 
[4.68399954 2.32699996] 
[3.20500032 2.51500024] 
[4.84300287 4.50100288] 
[4.40000565 3.97000558] 
[5.17900039 2.99899988] 
[7.01300003 6.64600003] 
[6.80200017 5.00399945] 
[5.25599994 4.19299975] 
[4.67800017 3.16300035] 
[5.80399958 5.02699983] 
[6.278 3.548] 
[6.10399932 5.92900001] 
[5.49500027 2.72500031] 
[3.58800032 2.83200024] 
[3.14799986 4.78200011] 
[4.09700045 2.73199991] 
[2.29899984 3.95700008] 
[6.75400442 5.58600665] 
[6.69999885 6.20099887] 
[4.29300004 2.75200032] 
[5.04100609 5.96400599] 
[2.90499986 4.02300011] 
[4.16399996 4.20100002] 
[6.48799971 4.22100023] 
[5.09900064 5.05200046] 
[5.61400827 6.59900814] 
[5.29400026 3.86599991] 
[2.44899975 3.71600012] 
[7.172      6.49500018] 
[5.16200004 3.64400032] 
[7.30199932 5.12400001] 
[5.48700011 2.16399986] 
[5.05200631 4.48800621] 
[6.07199996 4.34900002] 
[6.05999932 4.65900001] 
[4.74799965 6.63699965] 
[2.83799998 2.53599999] 
[6.14799947 5.20899947] 
[5.87399995 4.85600006] 
[2.51899976 4.993     ] 
[2.50000026 4.36599991] 
[7.106009   4.66200914] 
[4.62800344 4.41600346] 
[3.0079999  4.24000039] 
[5.16300024 3.82800032] 
164 
[4.84300287 4.50100288] 
[3.32900043 3.68999988] 
[6.71399932 5.42300001] 
[5.64300026 2.15699991] 
[5.61400827 6.59900814] 
[3.55500043 2.61899988] 
[6.38499963 3.70800009] 
[2.3479996  4.35000005] 
[5.16299981 3.82799955] 
[6.69999885 6.20099887] 
[6.05999932 4.65900001] 
[2.68500045 2.95599991] 
[4.29300004 2.75200032] 
[4.48700417 5.08200465] 
[6.84290291 2.16831691] 
[5.07700083 5.68200031] 
[5.16299951 2.53699992] 
[7.106009   4.66200914] 
[2.55999983 2.24600074] 
[7.34299997 3.02099979] 
[3.11800037 4.51199933] 
[6.54200002 2.94700004] 
[4.04199996 4.33600002] 
[5.17900039 2.99899988] 
[4.69100002 6.77700004] 
[5.45499964 4.88199964] 
[5.85200017 5.95399945] 
[5.43499971 4.34499971] 
[4.40100472 3.65400409] 
[2.60300028 3.37600047] 
[3.65100064 4.98599953] 
[2.65500021 4.94000023] 
[4.07400032 2.18499996] 
[7.00699843 3.5979984 ] 
[6.35700035 4.12099981] 
[5.38599888 3.27900291] 
[7.01300003 6.64600003] 
[6.14799947 5.20899947] 
[4.49799976 3.35599964] 
[5.35493239 6.16889566] 
[3.61599999 4.26199908] 
[4.83600442 4.99600665] 
[7.30000035 5.324     ] 
[2.37700038 4.11500002] 
[3.09199929 4.3319992 ] 
[6.57500032 4.99600024] 
[6.51000035 6.494     ] 
[3.12700045 2.32499991] 
[6.82499945 4.19799982] 
[4.68399954 2.32699996] 
[6.31099986 6.05800046] 
[2.9399996  4.72899992] 
[3.72100007 3.84200011] 
[6.10100021 2.6880003 ] 
[2.28999975 3.02499973] 
[4.47300017 4.60000027] 
[4.05900029 2.5340013 ] 
[5.71399953 4.02699998] 
[5.80399958 5.02699983] 
[5.03600058 4.34099964] 
[4.25099809 4.93900108] 
[5.17700003 4.88900003] 
[5.28499953 4.55399972] 
[6.22400023 5.59299983] 
[4.77100002 3.81100004] 
[5.25599994 4.19299975] 
[2.911009   3.85100914] 
[3.29900032 5.05599974] 
[4.85700045 3.27799991] 
[2.73601    2.71600892] 
[6.46599968 3.34300017] 
[7.172      6.49500018] 
[4.40000565 3.97000558] 
[5.76600039 3.57199988] 
[4.13400064 3.25499953] 
[5.31600005 2.52600006] 
[4.62800344 4.41600346] 
[2.43200338 2.44800225] 
[6.07199996 4.34900002] 
[2.44899975 3.71600012] 
[4.04799995 4.62200006] 
[5.55899964 6.27200016] 
[6.78800023 6.84399983] 
[5.25800002 5.91100004] 
[4.67800017 3.16300035] 
[5.70299987 2.41700006] 
[4.83600004 2.82000032] 
[6.90500022 6.18100032] 
[2.96299907 2.91599906] 
[5.73499953 4.39199998] 
[6.08099995 5.77600006] 
[2.75700007 2.40300011] 
[6.23900026 2.92399991] 
[3.95799957 4.86700019] 
[2.3399999  4.88100039] 
[5.61000002 5.90700004] 
[5.61500021 3.1240003 ] 
[2.33400003 2.82400007] 
[5.49500027 2.72500031] 
[3.14799986 4.78200011] 
[3.28700022 4.17900031] 
[3.05300283 3.59200278] 
[7.14400023 5.14799983] 
[6.83000021 3.4190003 ] 
[2.50099975 3.22500012] 
[2.78899975 2.18499973] 
[4.48999986 3.06399972] 
[7.23600664 4.73500597] 
[6.30999971 4.70099971] 
[4.83399994 4.07199941] 
[3.85300001 2.28800001] 
[7.00099971 5.39599971] 
[4.95500017 5.19499945] 
[2.88199989 3.15300051] 
[4.7320002  4.91400007] 
[5.74799977 6.71100063] 
[2.7329996  4.52000005] 
[5.71100002 5.67400004] 
[5.87399995 4.85600006] 
[4.55300004 2.49800032] 
[6.95400162 6.42999992] 
[3.55200045 3.72500034] 
[5.33599968 3.70800017] 
[5.10700034 3.18799993] 
[6.48799971 4.22100023] 
[5.16200004 3.64400032] 
[4.21800027 3.81400031] 
[5.04100609 5.96400599] 
[3.58800032 2.83200024] 
[2.90499986 4.02300011] 
[6.278 3.548] 
[4.26099996 4.58400002] 
[2.35300043 2.20799988] 
[4.41800472 2.91400409] 
[5.17899952 3.97500045] 
[2.51300007 3.57000011] 
[6.80200017 5.00399945] 
[4.09700045 2.73199991] 
[4.16399996 4.20100002] 
[3.20500032 2.51500024] 
[6.25000442 6.30100665] 
[6.53499953 4.79799998] 
[7.30199932 5.12400001] 
[2.29899984 3.95700008] 
[6.75400442 5.58600665] 
[2.83799998 2.53599999] 
[5.48700011 2.16399986] 
[5.02499974 3.72500032] 
[6.21500023 4.29299983] 
[6.10399932 5.92900001] 
[6.9540089  4.64700881] 
[6.22999885 5.08199887] 
[6.00400064 4.94199953] 
[5.09900064 5.05200046] 
[2.50000026 4.36599991] 
[5.07700258 4.7780026 ] 
[4.67800013 4.27900019] 
[4.74799965 6.63699965] 
[2.51899976 4.993     ] 
[6.64300017 3.04200035] 
[5.37499982 4.63700008] 
[7.35400032 4.68400024] 
[5.05200631 4.48800621] 
[5.92200023 4.68499983] 
165 
[5.35493239 6.16889566] 
[3.20500032 2.51500024] 
[6.48799971 4.22100023] 
[5.10700038 3.18799992] 
[2.3479996  4.35000005] 
[4.7320002  4.91400007] 
[7.01300003 6.64600003] 
[6.10100021 2.6880003 ] 
[4.04199996 4.33600002] 
[5.80399958 5.02699983] 
[7.14400023 5.14799983] 
[2.50099975 3.22500012] 
[3.09200004 4.33200032] 
[7.34299997 3.02099979] 
[4.05900029 2.5340013 ] 
[5.48700011 2.16399986] 
[5.05200631 4.48800621] 
[5.29400026 3.86599991] 
[6.10399932 5.92900001] 
[2.83799998 2.53599999] 
[3.55200045 3.72500034] 
[4.40100472 3.65400409] 
[6.83000021 3.4190003 ] 
[7.35400018 4.68399978] 
[6.84290291 2.16831691] 
[2.65500021 4.94000023] 
[3.95799957 4.86700019] 
[5.74799977 6.71100063] 
[5.16299951 2.53699992] 
[4.69100002 6.77700004] 
[6.57500032 4.99600024] 
[2.43200338 2.44800225] 
[5.73499953 4.39199998] 
[6.38499963 3.70800009] 
[2.44899975 3.71600012] 
[5.07700083 5.68200031] 
[6.90500022 6.18100032] 
[3.61599999 4.26199908] 
[3.14799986 4.78200011] 
[4.55300004 2.49800032] 
[4.48999986 3.06399972] 
[4.62800344 4.41600346] 
[6.64300017 3.04200035] 
[4.07400032 2.18499996] 
[5.17700003 4.88900003] 
[5.38599888 3.27900291] 
[3.55500043 2.61899988] 
[2.911009   3.85100914] 
[6.25000442 6.30100665] 
[6.30999971 4.70099971] 
[6.75400442 5.58600665] 
[6.08099995 5.77600006] 
[2.33400003 2.82400007] 
[4.77100002 3.81100004] 
[2.9399996  4.72899992] 
[2.88199989 3.15300051] 
[4.25099809 4.93900108] 
[5.76600039 3.57199988] 
[5.25599994 4.19299975] 
[6.14799947 5.20899947] 
[5.61000002 5.90700004] 
[4.13400064 3.25499953] 
[5.28499984 4.55400028] 
[5.25800002 5.91100004] 
[5.31600005 2.52600006] 
[4.04799995 4.62200006] 
[6.9540089  4.64700881] 
[5.70299987 2.41700006] 
[5.92200023 4.68499983] 
[6.07199996 4.34900002] 
[4.83600004 2.82000032] 
[5.71399953 4.02699998] 
[6.78800023 6.84399983] 
[7.172      6.49500018] 
[4.95500017 5.19499945] 
[2.78899975 2.18499973] 
[4.40000565 3.97000558] 
[2.37700038 4.11500002] 
[2.60300028 3.37600047] 
[4.49799976 3.35599964] 
[3.29900032 5.05599974] 
[6.46599968 3.34300017] 
[5.16200004 3.64400032] 
[4.83399994 4.07199941] 
[7.00099971 5.39599971] 
[2.3399999  4.88100039] 
[6.82499945 4.19799982] 
[3.65100064 4.98599953] 
[4.48700417 5.08200465] 
[5.55899964 6.27200016] 
[3.05300283 3.59200278] 
[6.31099986 6.05800046] 
[5.45499964 4.88199964] 
[2.55999983 2.24600074] 
[2.68500045 2.95599991] 
[4.29300004 2.75200032] 
[5.43499971 4.34499971] 
[5.71100002 5.67400004] 
[2.7329996  4.52000005] 
[6.51000035 6.494     ] 
[4.85700045 3.27799991] 
[6.23900026 2.92399991] 
[3.32900043 3.68999988] 
[5.61500021 3.1240003 ] 
[3.85300001 2.28800001] 
[6.22400023 5.59299983] 
[7.30000035 5.324     ] 
[3.28700022 4.17900031] 
[5.49500027 2.72500031] 
[5.03600058 4.34099964] 
[5.87399995 4.85600006] 
[4.21800027 3.81400031] 
[7.00699843 3.5979984 ] 
[6.80200017 5.00399945] 
[4.84300287 4.50100288] 
[4.26099996 4.58400002] 
[3.58800032 2.83200024] 
[2.96299907 2.91599906] 
[4.47300017 4.60000027] 
[5.85200017 5.95399945] 
[3.11800037 4.51199933] 
[2.28999975 3.02499973] 
[4.68399954 2.32699996] 
[5.17899952 3.97500045] 
[5.04100609 5.96400599] 
[6.69999885 6.20099887] 
[2.35300043 2.20799988] 
[4.67800017 3.16300035] 
[2.73601    2.71600892] 
[6.53499953 4.79799998] 
[6.95400162 6.42999992] 
[2.90499986 4.02300011] 
[5.17900039 2.99899988] 
[4.16399996 4.20100002] 
[6.71399932 5.42300001] 
[3.72100007 3.84200011] 
[6.278 3.548] 
[2.29899984 3.95700008] 
[5.61400827 6.59900814] 
[5.09900064 5.05200046] 
[6.00400064 4.94199953] 
[6.35700035 4.12099981] 
[4.09700045 2.73199991] 
[4.41800472 2.91400409] 
[5.02499974 3.72500032] 
[5.33599968 3.70800017] 
[2.51300007 3.57000011] 
[7.106009   4.66200914] 
[3.12700045 2.32499991] 
[5.64300026 2.15699991] 
[6.22999885 5.08199887] 
[5.07700258 4.7780026 ] 
[4.67800013 4.27900019] 
[2.51899976 4.993     ] 
[6.21500023 4.29299983] 
[2.75700007 2.40300011] 
[2.50000026 4.36599991] 
[6.54200002 2.94700004] 
[7.30199932 5.12400001] 
[4.74799965 6.63699965] 
[5.16300024 3.82800032] 
[5.23900442 3.15900665] 
[3.0079999  4.24000039] 
[4.83600442 4.99600665] 
[6.05999932 4.65900001] 
166 
[5.55899964 6.27200016] 
[2.96299907 2.91599906] 
[6.35700035 4.12099981] 
[4.77100002 3.81100004] 
[2.65500021 4.94000023] 
[5.64300026 2.15699991] 
[7.00099971 5.39599971] 
[4.83600442 4.99600665] 
[4.09700045 2.73199991] 
[2.911009   3.85100914] 
[6.25000442 6.30100665] 
[6.84290291 2.16831691] 
[5.92200023 4.68499983] 
[7.172      6.49500018] 
[4.04799995 4.62200006] 
[6.83000021 3.4190003 ] 
[4.83600004 2.82000032] 
[5.25599994 4.19299975] 
[3.72100007 3.84200011] 
[4.74799965 6.63699965] 
[2.83799998 2.53599999] 
[2.33400003 2.82400007] 
[5.33599968 3.70800017] 
[5.23900442 3.15900665] 
[2.60300028 3.37600047] 
[3.11800037 4.51199933] 
[7.35400018 4.68399978] 
[5.07700083 5.68200031] 
[2.50000026 4.36599991] 
[6.22400023 5.59299983] 
[6.54200002 2.94700004] 
[6.53499953 4.79799998] 
[4.62800344 4.41600346] 
[5.49500027 2.72500031] 
[7.34299997 3.02099979] 
[5.37499982 4.63700008] 
[4.07400032 2.18499996] 
[4.67800017 3.16300035] 
[3.55500043 2.61899988] 
[2.35300043 2.20799988] 
[4.55300004 2.49800032] 
[5.61400827 6.59900814] 
[3.29900032 5.05599974] 
[6.278 3.548] 
[6.22999885 5.08199887] 
[4.16399996 4.20100002] 
[3.61599999 4.26199908] 
[6.82499945 4.19799982] 
[5.85200017 5.95399945] 
[2.44899975 3.71600012] 
[7.30199932 5.12400001] 
[4.25099809 4.93900108] 
[6.78800023 6.84399983] 
[6.95400162 6.42999992] 
[5.16299951 2.53699992] 
[4.13400064 3.25499953] 
[5.05200631 4.48800621] 
[6.10100021 2.6880003 ] 
[4.40100472 3.65400409] 
[3.12700045 2.32499991] 
[6.07199996 4.34900002] 
[5.71399953 4.02699998] 
[3.32900043 3.68999988] 
[2.29899984 3.95700008] 
[2.43200338 2.44800225] 
[5.76600039 3.57199988] 
[6.75400442 5.58600665] 
[2.9399996  4.72899992] 
[5.80399958 5.02699983] 
[4.41800472 2.91400409] 
[5.61500021 3.1240003 ] 
[5.09900064 5.05200046] 
[6.9540089  4.64700881] 
[6.69999885 6.20099887] 
[2.78899975 2.18499973] 
[5.04100609 5.96400599] 
[5.16299981 3.82799955] 
[4.48700417 5.08200465] 
[5.43499971 4.34499971] 
[5.71100002 5.67400004] 
[4.40000565 3.97000558] 
[2.3399999  4.88100039] 
[3.09199929 4.3319992 ] 
[5.73499953 4.39199998] 
[3.05300283 3.59200278] 
[6.51000035 6.494     ] 
[6.57500032 4.99600024] 
[6.23900026 2.92399991] 
[4.49799976 3.35599964] 
[3.65100064 4.98599953] 
[5.70299987 2.41700006] 
[6.31099986 6.05800046] 
[2.68500045 2.95599991] 
[7.00699843 3.5979984 ] 
[3.28700022 4.17900031] 
[5.35493239 6.16889566] 
[2.7329996  4.52000005] 
[4.83399994 4.07199941] 
[6.46599968 3.34300017] 
[5.31600005 2.52600006] 
[4.05900029 2.5340013 ] 
[2.88199989 3.15300051] 
[6.10399932 5.92900001] 
[5.61000002 5.90700004] 
[5.07700258 4.7780026 ] 
[5.25800002 5.91100004] 
[4.21800027 3.81400031] 
[2.37700038 4.11500002] 
[5.45499964 4.88199964] 
[6.30999971 4.70099971] 
[5.87399995 4.85600006] 
[4.26099996 4.58400002] 
[3.95799957 4.86700019] 
[5.38599888 3.27900291] 
[4.7320002  4.91400007] 
[6.90499982 6.18100008] 
[4.85700045 3.27799991] 
[3.58800032 2.83200024] 
[3.85300001 2.28800001] 
[7.01300003 6.64600003] 
[5.03600058 4.34099964] 
[3.55200045 3.72500034] 
[5.74799977 6.71100063] 
[6.80200017 5.00399945] 
[3.20500032 2.51500024] 
[4.84300287 4.50100288] 
[4.95500017 5.19499945] 
[3.14799986 4.78200011] 
[7.30000035 5.324     ] 
[4.47300017 4.60000027] 
[4.29300004 2.75200032] 
[2.73601    2.71600892] 
[5.16200004 3.64400032] 
[4.68399954 2.32699996] 
[5.17899952 3.97500045] 
[6.38499963 3.70800009] 
[2.55999983 2.24600074] 
[4.04199996 4.33600002] 
[4.48999986 3.06399972] 
[6.48799971 4.22100023] 
[6.71399932 5.42300001] 
[2.90499986 4.02300011] 
[5.17900039 2.99899988] 
[2.28999975 3.02499973] 
[2.50099975 3.22500012] 
[5.20700013 4.45800019] 
[7.14400023 5.14799983] 
[5.02499974 3.72500032] 
[2.51300007 3.57000011] 
[6.00400064 4.94199953] 
[5.17700003 4.88900003] 
[6.21500023 4.29299983] 
[2.75700007 2.40300011] 
[6.08099995 5.77600006] 
[5.48700011 2.16399986] 
[2.51899976 4.993     ] 
[2.3479996  4.35000005] 
[5.10700038 3.18799992] 
[5.28499982 4.55400008] 
[6.05999932 4.65900001] 
[7.106009   4.66200914] 
[4.67800013 4.27900019] 
[6.14799947 5.20899947] 
[4.69100002 6.77700004] 
[6.86599932 6.28200001] 
[6.64300017 3.04200035] 
100000 
