121 
[2.75699999 2.40300049] 
[5.07700083 5.68200031] 
[5.1755904  3.80788236] 
[3.11800037 4.51199933] 
[6.46599968 3.34300017] 
[6.28000005 6.13099991] 
[7.10599872 4.66199991] 
[5.92200068 4.68500004] 
[4.40000565 3.97000558] 
[5.16299951 2.53699992] 
[4.05900029 2.5340013 ] 
[3.05300283 3.59200278] 
[4.732     4.9139997] 
[7.17199999 6.4949997 ] 
[6.84290291 2.16831691] 
[5.33   4.5955] 
[2.34800085 4.35000005] 
[5.10700038 3.18799992] 
[7.30000035 5.324     ] 
[5.74410536 6.70902969] 
[4.26100059 4.58400015] 
[4.74799949 6.63700045] 
[5.70299987 2.41700006] 
[5.35493239 6.16889566] 
[2.3494505  2.84876633] 
[7.34299997 3.02099979] 
[4.49799976 3.35599964] 
[3.72100007 3.84200011] 
[2.5956591  3.36265998] 
[2.5189999  4.99299995] 
[6.82499945 4.19799982] 
[5.71399953 4.02699998] 
[2.43200338 2.44800225] 
[4.67799997 4.2790007 ] 
[6.23900026 2.92399991] 
[6.22400023 5.59299983] 
[6.30999971 4.70099971] 
[3.95799957 4.86700019] 
[7.00699843 3.5979984 ] 
[5.03600058 4.34099964] 
[6.71400029 5.42300058] 
[3.29900032 5.05599974] 
[3.58800032 2.83200024] 
[6.69999885 6.20099887] 
[5.85200002 5.954     ] 
[2.44900028 3.71599981] 
[4.49000033 3.06399991] 
[5.17899964 2.99899993] 
[6.07200037 4.34899988] 
[6.78800023 6.84399983] 
[3.85300001 2.28800001] 
[4.68399954 2.32699996] 
[5.87400039 4.85600013] 
[3.09199929 4.3319992 ] 
[4.95500017 5.19499945] 
[2.9399996  4.72899992] 
[3.61599999 4.26199908] 
[2.88199989 3.15300051] 
[5.76600039 3.57199988] 
[4.25099809 4.93900108] 
[5.37899893 2.56900052] 
[5.17700001 4.88900015] 
[6.57499992 4.9959993 ] 
[2.3769993  4.11500045] 
[6.38499997 3.70800012] 
[4.83399994 4.07199941] 
[2.35300047 2.20800024] 
[3.20500032 2.51500024] 
[2.91100001 3.8510005 ] 
[4.83600004 2.82000032] 
[7.35400018 4.68399978] 
[5.18797257 4.03425012] 
[6.6429996  3.04199946] 
[3.65100064 4.98599953] 
[5.61500021 3.1240003 ] 
[5.04100609 5.96400599] 
[6.22999978 5.08200085] 
[4.103  4.2685] 
[5.73499953 4.39199998] 
[5.38599888 3.27900291] 
[6.08100002 5.7760013 ] 
[4.07400032 2.18499996] 
[3.55200045 3.72500034] 
[4.13400064 3.25499953] 
[6.48799949 4.22099969] 
[7.14400073 5.14800017] 
[2.68500045 2.95599991] 
[5.55899964 6.27200016] 
[2.3399999  4.88100039] 
[4.85700045 3.27799991] 
[2.7329996  4.52000005] 
[6.89150707 6.27117843] 
[4.48700417 5.08200465] 
[6.51000035 6.494     ] 
[2.96299907 2.91599906] 
[3.28700022 4.17900031] 
[7.01300003 6.64600003] 
[5.43499971 4.34499971] 
[4.84300287 4.50100288] 
[4.77100002 3.81100004] 
[4.40100472 3.65400409] 
[5.64299909 2.15699993] 
[5.25800002 5.91100004] 
[3.55500043 2.61899988] 
[4.21800027 3.81400031] 
[2.78899975 2.18499973] 
[5.71100002 5.67400004] 
[5.05200098 4.48799996] 
[7.00099971 5.39599971] 
[5.45499964 4.88199964] 
[4.55300004 2.49800032] 
[6.83000021 3.4190003 ] 
[3.32900043 3.68999988] 
[4.09700084 2.73200031] 
[6.10100021 2.6880003 ] 
[4.67800017 3.16300035] 
[5.80399958 5.02699983] 
[4.04799995 4.62200006] 
[3.14799986 4.78200011] 
[6.80200017 5.00399945] 
[3.12700045 2.32499991] 
122 
[7.14400073 5.14800017] 
[4.09700084 2.73200031] 
[2.91100001 3.8510005 ] 
[5.07669654 4.36561029] 
[6.28000005 6.13099991] 
[6.46599968 3.34300017] 
[5.70299987 2.41700006] 
[2.35300047 2.20800024] 
[5.61400827 6.59900814] 
[6.57499992 4.9959993 ] 
[3.95799957 4.86700019] 
[6.84290291 2.16831691] 
[6.98243656 6.46363142] 
[5.17700001 4.88900015] 
[4.85700045 3.27799991] 
[3.72100007 3.84200011] 
[2.60300028 3.37600047] 
[2.5189999  4.99299995] 
[5.07700083 5.68200031] 
[6.07200037 4.34899988] 
[7.34299997 3.02099979] 
[5.38599888 3.27900291] 
[4.07400032 2.18499996] 
[3.55500043 2.61899988] 
[4.74799949 6.63700045] 
[2.34800085 4.35000005] 
[4.40000565 3.97000558] 
[5.16299981 3.82799955] 
[5.37899893 2.56900052] 
[5.87400039 4.85600013] 
[2.96299907 2.91599906] 
[4.732     4.9139997] 
[2.3494505  2.84876633] 
[7.10599872 4.66199991] 
[6.48799949 4.22099969] 
[4.67799997 4.2790007 ] 
[5.61000002 5.90700004] 
[3.11800037 4.51199933] 
[6.22400023 5.59299983] 
[4.68399989 2.32700055] 
[5.35493239 6.16889566] 
[6.71400029 5.42300058] 
[7.00699843 3.5979984 ] 
[4.49799976 3.35599964] 
[3.20499723 2.51499614] 
[6.23900026 2.92399991] 
[6.22999978 5.08200085] 
[5.76600039 3.57199988] 
[3.29900032 5.05599974] 
[3.61599999 4.26199908] 
[6.69999885 6.20099887] 
[2.3769993  4.11500045] 
[5.64299909 2.15699993] 
[5.43499971 4.34499971] 
[5.73499953 4.39199998] 
[4.103  4.2685] 
[3.32900043 3.68999988] 
[2.73601    2.71600892] 
[6.6429996  3.04199946] 
[6.38499997 3.70800012] 
[2.94000034 4.72899996] 
[4.83600004 2.82000032] 
[4.77100002 3.81100004] 
[4.26100059 4.58400015] 
[6.82499945 4.19799982] 
[4.25099809 4.93900108] 
[7.172      6.49500018] 
[4.95500017 5.19499945] 
[5.25800002 5.91100004] 
[5.15753677 3.09147046] 
[3.09199929 4.3319992 ] 
[4.13400064 3.25499953] 
[5.55899964 6.27200016] 
[4.05900029 2.5340013 ] 
[6.78800023 6.84399983] 
[5.33   4.5955] 
[2.43200338 2.44800225] 
[5.25599994 4.19299975] 
[3.65100064 4.98599953] 
[6.08100002 5.7760013 ] 
[4.49000033 3.06399991] 
[2.3399999  4.88100039] 
[2.44900028 3.71599981] 
[4.48700417 5.08200465] 
[6.80200017 5.00399945] 
[4.83399994 4.07199941] 
[5.92200068 4.68500004] 
[5.61500021 3.1240003 ] 
[6.51000035 6.494     ] 
[4.40100472 3.65400409] 
[4.04799995 4.62200006] 
[7.35400018 4.68399978] 
[3.28700022 4.17900031] 
[6.83000021 3.4190003 ] 
[7.00099971 5.39599971] 
[2.7329996  4.52000005] 
[5.71399953 4.02699998] 
[5.45499964 4.88199964] 
[2.78899975 2.18499973] 
[5.16299951 2.53699992] 
[2.757      2.40300001] 
[2.50099975 3.22500012] 
[6.10100021 2.6880003 ] 
[3.05300283 3.59200278] 
[5.71100002 5.67400004] 
[4.84300287 4.50100288] 
[5.85200017 5.95399945] 
[4.21800027 3.81400031] 
[2.88199989 3.15300051] 
[2.68500045 2.95599991] 
[6.30999971 4.70099971] 
[3.55200045 3.72500034] 
[3.85300001 2.28800001] 
[5.74799977 6.71100063] 
[5.1619999  3.64399999] 
[5.04100609 5.96400599] 
[5.17899952 3.97500045] 
[7.30000035 5.324     ] 
[6.90500022 6.18100032] 
[5.80399958 5.02699983] 
[4.67800017 3.16300035] 
[3.58800032 2.83200024] 
123 
[5.07700083 5.68200031] 
[2.757      2.40300001] 
[6.38499997 3.70800012] 
[3.14799986 4.78200011] 
[6.51000035 6.494     ] 
[4.85700045 3.27799991] 
[7.00099971 5.39599971] 
[2.44900028 3.71599981] 
[5.17700001 4.88900015] 
[4.68399954 2.32699996] 
[4.103  4.2685] 
[5.70299987 2.41700006] 
[5.73499953 4.39199998] 
[6.84290291 2.16831691] 
[3.85300001 2.28800001] 
[5.35493239 6.16889566] 
[5.16299988 3.82800114] 
[5.71100002 5.67400004] 
[3.61599999 4.26199908] 
[6.57499992 4.9959993 ] 
[2.50099975 3.22500012] 
[7.13625856 6.46829266] 
[4.25099809 4.93900108] 
[2.3399999  4.88100039] 
[7.34299997 3.02099979] 
[4.74799949 6.63700045] 
[6.83000021 3.4190003 ] 
[6.82499945 4.19799982] 
[3.32900043 3.68999988] 
[5.15753677 3.09147046] 
[7.23961881 4.68872672] 
[5.74410536 6.70902969] 
[4.49000033 3.06399991] 
[5.92200068 4.68500004] 
[4.67799997 4.2790007 ] 
[2.34800085 4.35000005] 
[4.21800027 3.81400031] 
[6.46599968 3.34300017] 
[3.11800037 4.51199933] 
[2.43200338 2.44800225] 
[6.28000005 6.13099991] 
[6.22999978 5.08200085] 
[5.16299951 2.53699992] 
[6.48799949 4.22099969] 
[2.91100001 3.8510005 ] 
[3.5879997  2.83199999] 
[4.84300287 4.50100288] 
[5.28499984 4.55400028] 
[5.29399992 3.86599768] 
[4.05900029 2.5340013 ] 
[2.3494505  2.84876633] 
[6.6429996  3.04199946] 
[7.14400073 5.14800017] 
[3.72100007 3.84200011] 
[6.08100002 5.7760013 ] 
[6.23900026 2.92399991] 
[3.65100064 4.98599953] 
[4.732     4.9139997] 
[4.47300017 4.60000027] 
[2.96299907 2.91599906] 
[3.20499723 2.51499614] 
[2.7329996  4.52000005] 
[6.87264267 6.19986627] 
[4.13400064 3.25499953] 
[5.05200631 4.48800621] 
[4.04799995 4.62200006] 
[5.80400059 5.02699989] 
[5.76600039 3.57199988] 
[6.78800023 6.84399983] 
[6.71400029 5.42300058] 
[5.49500027 2.72500031] 
[5.64299909 2.15699993] 
[6.07200037 4.34899988] 
[5.55899964 6.27200016] 
[4.49799976 3.35599964] 
[5.71399953 4.02699998] 
[2.55999983 2.24600074] 
[4.95500017 5.19499945] 
[2.3769993  4.11500045] 
[4.83600004 2.82000032] 
[6.10100021 2.6880003 ] 
[6.80200017 5.00399945] 
[4.77100002 3.81100004] 
[2.5189999  4.99299995] 
[5.85200017 5.95399945] 
[5.04100011 5.96399982] 
[2.60300028 3.37600047] 
[3.09199929 4.3319992 ] 
[5.38599888 3.27900291] 
[5.25599994 4.19299975] 
[4.07400032 2.18499996] 
[2.9399996  4.72899992] 
[4.48700417 5.08200465] 
[2.88199989 3.15300051] 
[6.9540089  4.64700881] 
[3.05300283 3.59200278] 
[3.29900032 5.05599974] 
[5.61000002 5.90700004] 
[2.68500045 2.95599991] 
[3.28700022 4.17900031] 
[3.95799957 4.86700019] 
[5.03600058 4.34099964] 
[5.61500021 3.1240003 ] 
[5.16200004 3.64399954] 
[5.45499964 4.88199964] 
[5.31600005 2.52600006] 
[2.73601    2.71600892] 
[6.30999971 4.70099971] 
[5.43499971 4.34499971] 
[7.00699843 3.5979984 ] 
[4.26099996 4.58400002] 
[4.83399994 4.07199941] 
[4.40100472 3.65400409] 
[7.30000035 5.324     ] 
[2.35300043 2.20799988] 
[2.78899975 2.18499973] 
[4.67800017 3.16300035] 
[6.22400023 5.59299983] 
[4.40000565 3.97000558] 
[7.01300003 6.64600003] 
[4.09700084 2.73200031] 
[4.55300004 2.49800032] 
[3.55200045 3.72500034] 
124 
[5.74410536 6.70902969] 
[4.09700084 2.73200031] 
[6.57500032 4.99600024] 
[4.26099934 4.58399992] 
[6.46599968 3.34300017] 
[2.44900028 3.71599981] 
[5.70299987 2.41700006] 
[5.45499964 4.88199964] 
[6.87264267 6.19986627] 
[2.9399996  4.72899992] 
[2.68500012 2.95600033] 
[5.33599968 3.70800017] 
[3.28700022 4.17900031] 
[4.74799949 6.63700045] 
[6.84290291 2.16831691] 
[6.07200037 4.34899988] 
[5.35493239 6.16889566] 
[5.61500021 3.1240003 ] 
[4.40100472 3.65400409] 
[4.55300004 2.49800032] 
[7.34299997 3.02099979] 
[4.83399994 4.07199941] 
[7.23961881 4.68872672] 
[2.3769993  4.11500045] 
[2.43200338 2.44800225] 
[6.71400029 5.42300058] 
[5.85200017 5.95399945] 
[3.61700036 3.78399981] 
[3.55500043 2.61899988] 
[6.95400162 6.42999992] 
[4.67800017 3.16300035] 
[5.05200098 4.48799996] 
[2.51899989 4.99299989] 
[5.07700083 5.68200031] 
[4.732     4.9139997] 
[6.30999971 4.70099971] 
[3.85300001 2.28800001] 
[5.16299951 2.53699992] 
[2.91100001 3.8510005 ] 
[5.87400039 4.85600013] 
[3.65100064 4.98599953] 
[7.00699843 3.5979984 ] 
[5.15753677 3.09147046] 
[6.82499945 4.19799982] 
[7.14400073 5.14800017] 
[6.31099986 6.05800046] 
[2.5956591  3.36265998] 
[6.10100021 2.6880003 ] 
[2.28999975 3.02499973] 
[5.43499971 4.34499971] 
[2.757      2.40300001] 
[4.95500041 5.19499954] 
[5.17567154 3.85740863] 
[3.11800037 4.51199933] 
[6.78800023 6.84399983] 
[4.49000033 3.06399991] 
[3.95799957 4.86700019] 
[5.04100011 5.96399982] 
[6.6429996  3.04199946] 
[6.22400023 5.59299983] 
[4.40000565 3.97000558] 
[3.12700045 2.32499991] 
[4.103  4.2685] 
[5.64299909 2.15699993] 
[5.71399953 4.02699998] 
[5.71100002 5.67400004] 
[3.61599999 4.26199908] 
[3.29900032 5.05599974] 
[6.22999978 5.08200085] 
[4.84300287 4.50100288] 
[5.49500027 2.72500031] 
[7.172      6.49500018] 
[6.38499997 3.70800012] 
[5.16200004 3.64399954] 
[3.09199929 4.3319992 ] 
[4.25099809 4.93900108] 
[4.13400064 3.25499953] 
[4.83600004 2.82000032] 
[6.48799949 4.22099969] 
[5.92200068 4.68500004] 
[2.35300047 2.20800024] 
[5.76600039 3.57199988] 
[3.14799986 4.78200011] 
[2.88199989 3.15300051] 
[5.73499953 4.39199998] 
[4.67799997 4.2790007 ] 
[4.49799976 3.35599964] 
[6.51000035 6.494     ] 
[4.07400032 2.18499996] 
[3.32900043 3.68999988] 
[6.23900026 2.92399991] 
[4.05900029 2.5340013 ] 
[5.17700002 4.88900006] 
[5.55899964 6.27200016] 
[3.05300283 3.59200278] 
[2.33400003 2.82400007] 
[4.48700417 5.08200465] 
[6.83000021 3.4190003 ] 
[6.9540089  4.64700881] 
[2.34800085 4.35000005] 
[5.25599994 4.19299975] 
[4.21800027 3.81400031] 
[6.08100002 5.7760013 ] 
[2.96299907 2.91599906] 
[5.33   4.5955] 
[5.03600058 4.34099964] 
[6.25000442 6.30100665] 
[7.00099971 5.39599971] 
[4.77100002 3.81100004] 
[7.30000035 5.324     ] 
[2.78899975 2.18499973] 
[5.38599888 3.27900291] 
[5.31600005 2.52600006] 
[2.7329996  4.52000005] 
[5.80399958 5.02699983] 
[7.01300003 6.64600003] 
[4.68399954 2.32699996] 
[6.80200017 5.00399945] 
[3.20500032 2.51500024] 
[4.85700045 3.27799991] 
[6.53499953 4.79799998] 
[5.61000002 5.90700004] 
[4.47300017 4.60000027] 
[3.58800032 2.83200024] 
125 
[4.05900029 2.5340013 ] 
[4.95500017 5.19499945] 
[7.14400073 5.14800017] 
[3.11800037 4.51199933] 
[5.38599888 3.27900291] 
[2.78899975 2.18499973] 
[6.6429996  3.04199946] 
[6.07200037 4.34899988] 
[7.01300003 6.64600003] 
[6.28000005 6.13099991] 
[2.28999975 3.02499973] 
[5.25599994 4.19299975] 
[5.70299987 2.41700006] 
[5.35493239 6.16889566] 
[2.59966271 3.45939539] 
[4.103  4.2685] 
[4.49799976 3.35599964] 
[2.3769993  4.11500045] 
[3.65100064 4.98599953] 
[6.22999978 5.08200085] 
[3.61700036 3.78399981] 
[5.20700013 4.45800019] 
[6.84290291 2.16831691] 
[4.25099809 4.93900108] 
[2.5189999  4.99299995] 
[4.74799949 6.63700045] 
[2.73601    2.71600892] 
[7.00699843 3.5979984 ] 
[5.16299951 2.53699992] 
[6.38499997 3.70800012] 
[5.80400059 5.02699989] 
[7.10599872 4.66199991] 
[5.74410536 6.70902969] 
[2.35300043 2.20799988] 
[7.34299997 3.02099979] 
[3.58800032 2.83200024] 
[6.71400029 5.42300058] 
[5.25800002 5.91100004] 
[6.48799949 4.22099969] 
[4.68399989 2.32700055] 
[5.16200004 3.64399954] 
[6.69999885 6.20099887] 
[3.61599999 4.26199908] 
[5.43499971 4.34499971] 
[5.17700001 4.88900015] 
[4.732     4.9139997] 
[6.08100002 5.7760013 ] 
[3.05300283 3.59200278] 
[5.03600067 4.34100028] 
[6.82499945 4.19799982] 
[4.85699983 3.27799997] 
[6.57500032 4.99600024] 
[4.07400032 2.18499996] 
[4.67799997 4.2790007 ] 
[4.26099996 4.58400002] 
[4.21800027 3.81400031] 
[2.91100001 3.8510005 ] 
[6.10100021 2.6880003 ] 
[3.12700045 2.32499991] 
[2.9399996  4.72899992] 
[5.76600039 3.57199988] 
[5.71100002 5.67400004] 
[5.17567154 3.85740863] 
[4.49000033 3.06399991] 
[6.30999971 4.70099971] 
[5.71399953 4.02699998] 
[2.88199989 3.15300051] 
[5.37899893 2.56900052] 
[4.83399994 4.07199941] 
[4.83600004 2.82000032] 
[5.15753677 3.09147046] 
[2.34800085 4.35000005] 
[5.55899964 6.27200016] 
[2.7329996  4.52000005] 
[3.28700022 4.17900031] 
[5.61500021 3.1240003 ] 
[7.13625856 6.46829266] 
[2.3399999  4.88100039] 
[6.22400023 5.59299983] 
[5.07700083 5.68200031] 
[2.43200338 2.44800225] 
[5.64299909 2.15699993] 
[2.96299907 2.91599906] 
[3.29900032 5.05599974] 
[4.13400064 3.25499953] 
[6.78800023 6.84399983] 
[2.44899975 3.71600012] 
[6.51000035 6.494     ] 
[5.73499953 4.39199998] 
[6.23900026 2.92399991] 
[5.33   4.5955] 
[5.92200068 4.68500004] 
[3.95799957 4.86700019] 
[4.48700417 5.08200465] 
[3.09199929 4.3319992 ] 
[4.77100002 3.81100004] 
[6.46599968 3.34300017] 
[7.00099971 5.39599971] 
[2.50099975 3.22500012] 
[5.45499964 4.88199964] 
[7.35400018 4.68399978] 
[5.61000002 5.90700004] 
[2.757      2.40300001] 
[4.84300287 4.50100288] 
[6.83000021 3.4190003 ] 
[4.40100472 3.65400409] 
[2.33400003 2.82400007] 
[3.85300001 2.28800001] 
[5.85200017 5.95399945] 
[4.40000565 3.97000558] 
[5.04100609 5.96400599] 
[4.04799995 4.62200006] 
[6.80200017 5.00399945] 
[6.90500022 6.18100032] 
[3.32900043 3.68999988] 
[3.55500043 2.61899988] 
[2.68500045 2.95599991] 
[3.14799986 4.78200011] 
[7.30000035 5.324     ] 
[3.20500032 2.51500024] 
[5.33599968 3.70800017] 
[4.47300017 4.60000027] 
[4.09700084 2.73200031] 
[2.55999983 2.24600074] 
[6.53499953 4.79799998] 
126 
[5.76600039 3.57199988] 
[2.3399999  4.88100039] 
[6.28000005 6.13099991] 
[2.35300047 2.20800024] 
[4.67799997 4.2790007 ] 
[4.55300004 2.49800032] 
[7.34299997 3.02099979] 
[6.30999971 4.70099971] 
[2.44900028 3.71599981] 
[5.17700001 4.88900015] 
[5.04100011 5.96399982] 
[3.28700022 4.17900031] 
[4.05900029 2.5340013 ] 
[7.172      6.49500018] 
[5.70299987 2.41700006] 
[7.30000035 5.324     ] 
[4.25099809 4.93900108] 
[4.83600004 2.82000032] 
[2.75699999 2.40300049] 
[6.84290291 2.16831691] 
[5.61400827 6.59900814] 
[6.23900026 2.92399991] 
[6.9540089  4.64700881] 
[5.16299988 3.82800114] 
[3.14799986 4.78200011] 
[4.74799949 6.63700045] 
[4.49000033 3.06399991] 
[2.34800085 4.35000005] 
[4.40000565 3.97000558] 
[5.87400039 4.85600013] 
[2.3494505  2.84876633] 
[5.71100002 5.67400004] 
[3.32900043 3.68999988] 
[6.83000021 3.4190003 ] 
[6.71400029 5.42300058] 
[5.15753677 3.09147046] 
[6.48799949 4.22099969] 
[5.73499953 4.39199998] 
[5.31020582 2.52920337] 
[5.35493239 6.16889566] 
[5.07669654 4.36561029] 
[6.38499997 3.70800012] 
[3.55500043 2.61899988] 
[4.26100059 4.58400015] 
[2.88199989 3.15300051] 
[2.91100001 3.8510005 ] 
[4.7320002  4.91400007] 
[2.29899984 3.95700008] 
[6.08100002 5.7760013 ] 
[6.69999885 6.20099887] 
[6.80200017 5.00399945] 
[6.78800023 6.84399983] 
[6.6429996  3.04199946] 
[3.61599999 4.26199908] 
[3.72100007 3.84200011] 
[5.16200004 3.64399954] 
[3.20499723 2.51499614] 
[2.9399996  4.72899992] 
[3.85300001 2.28800001] 
[7.106009   4.66200914] 
[5.64299909 2.15699993] 
[4.103  4.2685] 
[6.82499945 4.19799982] 
[3.65100064 4.98599953] 
[3.09199929 4.3319992 ] 
[4.83600442 4.99600665] 
[2.50099975 3.22500012] 
[6.22400023 5.59299983] 
[4.67800017 3.16300035] 
[6.07200037 4.34899988] 
[4.07400032 2.18499996] 
[5.92200068 4.68500004] 
[5.43499971 4.34499971] 
[6.22999978 5.08200085] 
[5.61500021 3.1240003 ] 
[5.33   4.5955] 
[2.43200338 2.44800225] 
[2.5189999  4.99299995] 
[2.68500045 2.95599991] 
[4.13400064 3.25499953] 
[5.71399953 4.02699998] 
[4.77100002 3.81100004] 
[4.84300287 4.50100288] 
[5.07700083 5.68200031] 
[5.49500027 2.72500031] 
[6.51000035 6.494     ] 
[7.14400073 5.14800017] 
[4.21800027 3.81400031] 
[7.00099971 5.39599971] 
[6.95400162 6.42999992] 
[4.09700084 2.73200031] 
[5.55899964 6.27200016] 
[3.29900032 5.05599974] 
[4.48700417 5.08200465] 
[3.05300283 3.59200278] 
[2.60300028 3.37600047] 
[2.37700038 4.11500002] 
[4.49799976 3.35599964] 
[6.46599968 3.34300017] 
[6.10100021 2.6880003 ] 
[4.83399994 4.07199941] 
[5.38599888 3.27900291] 
[5.45499964 4.88199964] 
[5.61000002 5.90700004] 
[5.74799977 6.71100063] 
[4.40100472 3.65400409] 
[4.95500017 5.19499945] 
[6.57499992 4.9959993 ] 
[7.35400018 4.68399978] 
[3.55200045 3.72500034] 
[5.29399992 3.86599768] 
[7.00699843 3.5979984 ] 
[3.11800037 4.51199933] 
[2.7329996  4.52000005] 
[5.25599994 4.19299975] 
[6.90500022 6.18100032] 
[5.85200017 5.95399945] 
[2.78899975 2.18499973] 
[4.68399954 2.32699996] 
[7.01300003 6.64600003] 
[2.96299907 2.91599906] 
[3.58800032 2.83200024] 
[3.95799957 4.86700019] 
[5.80399958 5.02699983] 
[4.04799995 4.62200006] 
[4.85700045 3.27799991] 
127 
[6.07200037 4.34899988] 
[3.05300283 3.59200278] 
[6.08100002 5.7760013 ] 
[4.83600004 2.82000032] 
[5.43499971 4.34499971] 
[6.84290291 2.16831691] 
[2.5189999  4.99299995] 
[4.25099809 4.93900108] 
[7.10599872 4.66199991] 
[2.35300043 2.20799988] 
[6.78800023 6.84399983] 
[5.76600039 3.57199988] 
[5.04100609 5.96400599] 
[3.85300001 2.28800001] 
[5.16200004 3.64399954] 
[6.6429996  3.04199946] 
[5.16299951 2.53699992] 
[3.61599999 4.26199908] 
[3.09199929 4.3319992 ] 
[2.34800085 4.35000005] 
[6.95400162 6.42999992] 
[5.74799977 6.71100063] 
[4.67799997 4.2790007 ] 
[2.50099975 3.22500012] 
[5.87400039 4.85600013] 
[7.14400073 5.14800017] 
[4.95500041 5.19499954] 
[4.49000033 3.06399991] 
[2.96299907 2.91599906] 
[5.38599888 3.27900291] 
[3.20499723 2.51499614] 
[4.74799949 6.63700045] 
[5.35493239 6.16889566] 
[4.40100472 3.65400409] 
[7.34299997 3.02099979] 
[4.26100059 4.58400015] 
[5.64299909 2.15699993] 
[6.46599968 3.34300017] 
[6.71400029 5.42300058] 
[2.9399996  4.72899992] 
[6.28000005 6.13099991] 
[6.82499945 4.19799982] 
[5.03600067 4.34100028] 
[2.44900028 3.71599981] 
[6.10100021 2.6880003 ] 
[4.55300004 2.49800032] 
[6.30999971 4.70099971] 
[7.00699843 3.5979984 ] 
[4.732     4.9139997] 
[2.55999983 2.24600074] 
[3.5879997  2.83199999] 
[4.85700045 3.27799991] 
[4.103  4.2685] 
[3.65100064 4.98599953] 
[2.33400003 2.82400007] 
[2.3769993  4.11500045] 
[4.05900029 2.5340013 ] 
[5.61000002 5.90700004] 
[3.61700036 3.78399981] 
[2.91100001 3.8510005 ] 
[5.15753677 3.09147046] 
[2.73601    2.71600892] 
[5.33   4.5955] 
[5.17567154 3.85740863] 
[7.35400018 4.68399978] 
[6.90500022 6.18100032] 
[4.49799976 3.35599964] 
[6.22999978 5.08200085] 
[5.37899893 2.56900052] 
[5.55899964 6.27200016] 
[6.51000035 6.494     ] 
[5.71399953 4.02699998] 
[6.80200017 5.00399945] 
[4.13400064 3.25499953] 
[6.38499997 3.70800012] 
[4.07400032 2.18499996] 
[6.48799949 4.22099969] 
[3.29900032 5.05599974] 
[4.40000565 3.97000558] 
[5.07700083 5.68200031] 
[5.33599968 3.70800017] 
[2.43200338 2.44800225] 
[3.28700022 4.17900031] 
[5.73499953 4.39199998] 
[5.85200017 5.95399945] 
[2.3399999  4.88100039] 
[2.7329996  4.52000005] 
[6.57499992 4.9959993 ] 
[5.92200068 4.68500004] 
[2.757      2.40300001] 
[7.172      6.49500018] 
[2.60300028 3.37600047] 
[5.17700002 4.88900006] 
[4.77100002 3.81100004] 
[4.48700417 5.08200465] 
[3.11800037 4.51199933] 
[5.25599994 4.19299975] 
[4.83399994 4.07199941] 
[6.23900026 2.92399991] 
[4.84300287 4.50100288] 
[7.00099971 5.39599971] 
[4.29300004 2.75200032] 
[2.88199989 3.15300051] 
[5.70299987 2.41700006] 
[5.71100002 5.67400004] 
[5.61500021 3.1240003 ] 
[4.21800027 3.81400031] 
[3.95799957 4.86700019] 
[2.78899975 2.18499973] 
[2.68500045 2.95599991] 
[5.45499964 4.88199964] 
[5.80399958 5.02699983] 
[3.32900043 3.68999988] 
[5.20700013 4.45800019] 
[5.25800002 5.91100004] 
[6.22400023 5.59299983] 
[4.09700045 2.73199991] 
[7.30000035 5.324     ] 
[6.83000021 3.4190003 ] 
[7.01300003 6.64600003] 
[2.28999975 3.02499973] 
[4.68399954 2.32699996] 
[3.14799986 4.78200011] 
[4.04799995 4.62200006] 
[6.69999885 6.20099887] 
[4.67800017 3.16300035] 
[5.61400827 6.59900814] 
128 
[7.35400018 4.68399978] 
[4.21800027 3.81400031] 
[5.74410536 6.70902969] 
[2.43200338 2.44800225] 
[6.10100021 2.6880003 ] 
[2.9399996  4.72899992] 
[5.20700013 4.45800019] 
[4.09700084 2.73200031] 
[5.71100002 5.67400004] 
[2.44899975 3.71600012] 
[6.57499992 4.9959993 ] 
[7.172      6.49500018] 
[4.48700417 5.08200465] 
[5.61500021 3.1240003 ] 
[7.00699843 3.5979984 ] 
[5.16299988 3.82800114] 
[4.26099934 4.58399992] 
[6.84290291 2.16831691] 
[5.31600005 2.52600006] 
[6.48799949 4.22099969] 
[3.32900043 3.68999988] 
[4.74799949 6.63700045] 
[7.00099971 5.39599971] 
[5.35493239 6.16889566] 
[3.85300001 2.28800001] 
[6.08100002 5.7760013 ] 
[2.88199989 3.15300051] 
[4.85700045 3.27799991] 
[5.80400059 5.02699989] 
[3.28700022 4.17900031] 
[5.17700001 4.88900015] 
[6.83000021 3.4190003 ] 
[2.34800085 4.35000005] 
[3.65100064 4.98599953] 
[5.07700083 5.68200031] 
[2.73601    2.71600892] 
[3.12700045 2.32499991] 
[7.34299997 3.02099979] 
[6.25000442 6.30100665] 
[6.46599968 3.34300017] 
[2.51899989 4.99299989] 
[3.58800032 2.83200024] 
[5.73499953 4.39199998] 
[2.28999975 3.02499973] 
[6.22999978 5.08200085] 
[4.67799997 4.2790007 ] 
[5.64299909 2.15699993] 
[7.21621508 5.17420729] 
[5.15753677 3.09147046] 
[6.82499945 4.19799982] 
[6.87264267 6.19986627] 
[4.68399954 2.32699996] 
[4.732     4.9139997] 
[3.72100007 3.84200011] 
[7.01300003 6.64600003] 
[2.91100001 3.8510005 ] 
[5.16200004 3.64399954] 
[2.59966271 3.45939539] 
[7.10599872 4.66199991] 
[4.13400064 3.25499953] 
[4.83600004 2.82000032] 
[5.76600039 3.57199988] 
[6.6429996  3.04199946] 
[2.757      2.40300001] 
[4.103  4.2685] 
[4.95500017 5.19499945] 
[4.25099809 4.93900108] 
[6.07200037 4.34899988] 
[2.37700038 4.11500002] 
[3.09199929 4.3319992 ] 
[4.05900029 2.5340013 ] 
[3.29900032 5.05599974] 
[3.61599999 4.26199908] 
[6.80200017 5.00399945] 
[6.22400023 5.59299983] 
[4.49000033 3.06399991] 
[6.71400029 5.42300058] 
[5.70299987 2.41700006] 
[5.71399953 4.02699998] 
[5.04100609 5.96400599] 
[4.84300287 4.50100288] 
[6.38499963 3.70800009] 
[3.05300283 3.59200278] 
[5.55899964 6.27200016] 
[6.31099986 6.05800046] 
[6.78800023 6.84399983] 
[5.43499971 4.34499971] 
[5.16299951 2.53699992] 
[2.55999983 2.24600074] 
[5.29399992 3.86599768] 
[4.07400032 2.18499996] 
[2.33400003 2.82400007] 
[2.7329996  4.52000005] 
[5.92200068 4.68500004] 
[6.51000035 6.494     ] 
[5.03600067 4.34100028] 
[4.40100472 3.65400409] 
[6.23900026 2.92399991] 
[4.49799976 3.35599964] 
[5.49500027 2.72500031] 
[5.85200017 5.95399945] 
[4.77100002 3.81100004] 
[5.33   4.5955] 
[5.45499964 4.88199964] 
[6.95400162 6.42999992] 
[3.55200045 3.72500034] 
[5.25599994 4.19299975] 
[2.50099975 3.22500012] 
[5.61000002 5.90700004] 
[2.96299907 2.91599906] 
[4.83399994 4.07199941] 
[5.25800002 5.91100004] 
[2.68500045 2.95599991] 
[2.29899984 3.95700008] 
[5.38599888 3.27900291] 
[2.78899975 2.18499973] 
[4.40000565 3.97000558] 
[3.95799957 4.86700019] 
[3.11800037 4.51199933] 
[3.55500043 2.61899988] 
[3.14799986 4.78200011] 
[6.278 3.548] 
[6.30999971 4.70099971] 
[4.47300017 4.60000027] 
[3.20500032 2.51500024] 
[2.35300043 2.20799988] 
[4.67800017 3.16300035] 
[4.55300004 2.49800032] 
129 
[5.17567154 3.85740863] 
[2.96299907 2.91599906] 
[6.31099986 6.05800046] 
[6.10100021 2.6880003 ] 
[2.5189999  4.99299995] 
[7.10599872 4.66199991] 
[3.61599999 4.26199908] 
[5.35493239 6.16889566] 
[4.48999986 3.06399972] 
[5.92200068 4.68500004] 
[7.00699843 3.5979984 ] 
[4.7320002  4.91400007] 
[2.44900028 3.71599981] 
[6.87264267 6.19986627] 
[5.49500027 2.72500031] 
[4.103  4.2685] 
[2.78899975 2.18499973] 
[3.85300001 2.28800001] 
[3.09199929 4.3319992 ] 
[6.84290291 2.16831691] 
[6.48799949 4.22099969] 
[6.71400029 5.42300058] 
[3.65100064 4.98599953] 
[5.17900039 2.99899988] 
[5.17700002 4.88900006] 
[2.43200338 2.44800225] 
[7.14400073 5.14800017] 
[4.74799949 6.63700045] 
[2.3769993  4.11500045] 
[6.46599968 3.34300017] 
[5.74410536 6.70902969] 
[2.5956591  3.36265998] 
[4.05900029 2.5340013 ] 
[7.34299997 3.02099979] 
[6.22999978 5.08200085] 
[5.70299987 2.41700006] 
[4.26100059 4.58400015] 
[5.07700083 5.68200031] 
[3.61700036 3.78399981] 
[5.71399953 4.02699998] 
[4.68399954 2.32699996] 
[5.71100002 5.67400004] 
[5.28499984 4.55400028] 
[2.9399996  4.72899992] 
[3.95799957 4.86700019] 
[4.40100472 3.65400409] 
[6.78800023 6.84399983] 
[2.33400003 2.82400007] 
[3.05300283 3.59200278] 
[5.16299951 2.53699992] 
[3.55500043 2.61899988] 
[7.35400018 4.68399978] 
[6.6429996  3.04199946] 
[5.03600067 4.34100028] 
[5.38599888 3.27900291] 
[6.53499953 4.79799998] 
[5.1619999  3.64399999] 
[6.22400023 5.59299983] 
[4.83399994 4.07199941] 
[6.07200037 4.34899988] 
[3.20500032 2.51500024] 
[5.87400039 4.85600013] 
[4.49799976 3.35599964] 
[6.38499997 3.70800012] 
[4.95500017 5.19499945] 
[6.51000035 6.494     ] 
[5.76600039 3.57199988] 
[2.757      2.40300001] 
[2.91100001 3.8510005 ] 
[6.80200017 5.00399945] 
[5.64299909 2.15699993] 
[7.13625856 6.46829266] 
[6.08100002 5.7760013 ] 
[4.83600004 2.82000032] 
[4.67799997 4.2790007 ] 
[4.07400032 2.18499996] 
[4.25099809 4.93900108] 
[6.82499945 4.19799982] 
[5.45499964 4.88199964] 
[3.29900032 5.05599974] 
[5.10700034 3.18799993] 
[5.73499953 4.39199998] 
[4.13400064 3.25499953] 
[7.00099971 5.39599971] 
[2.34800085 4.35000005] 
[3.14799986 4.78200011] 
[4.48700417 5.08200465] 
[3.32900043 3.68999988] 
[2.35300047 2.20800024] 
[5.25800002 5.91100004] 
[6.23900026 2.92399991] 
[4.29300004 2.75200032] 
[5.55899964 6.27200016] 
[5.25599994 4.19299975] 
[4.21800027 3.81400031] 
[5.61500021 3.1240003 ] 
[2.68500045 2.95599991] 
[5.61000002 5.90700004] 
[4.77100002 3.81100004] 
[5.31600005 2.52600006] 
[5.85200017 5.95399945] 
[3.28700022 4.17900031] 
[6.83000021 3.4190003 ] 
[6.30999971 4.70099971] 
[6.25000442 6.30100665] 
[7.01300003 6.64600003] 
[4.67800017 3.16300035] 
[2.88199989 3.15300051] 
[4.04799995 4.62200006] 
[4.55300004 2.49800032] 
[5.43499971 4.34499971] 
[3.11800037 4.51199933] 
[2.7329996  4.52000005] 
[4.40000565 3.97000558] 
[4.84300287 4.50100288] 
[7.30000035 5.324     ] 
[3.58800032 2.83200024] 
[2.28999975 3.02499973] 
[5.80399958 5.02699983] 
[2.3399999  4.88100039] 
[4.85700045 3.27799991] 
[4.83600442 4.99600665] 
[3.12700045 2.32499991] 
[5.04100609 5.96400599] 
[2.73601    2.71600892] 
[5.09900064 5.05200046] 
[6.57500032 4.99600024] 
[4.09700045 2.73199991] 
[4.41800472 2.91400409] 
130 
[6.80200017 5.00399945] 
[4.13400064 3.25499953] 
[4.95500041 5.19499954] 
[2.50099975 3.22500012] 
[6.23900026 2.92399991] 
[3.11800037 4.51199933] 
[6.78800023 6.84399983] 
[5.61400827 6.59900814] 
[5.17899952 3.97500045] 
[5.15753677 3.09147046] 
[3.12700045 2.32499991] 
[6.31099986 6.05800046] 
[5.92200068 4.68500004] 
[3.85300001 2.28800001] 
[2.34800085 4.35000005] 
[4.26099978 4.58399969] 
[2.43200338 2.44800225] 
[6.84290291 2.16831691] 
[5.70299987 2.41700006] 
[7.00699843 3.5979984 ] 
[5.25800002 5.91100004] 
[6.82499945 4.19799982] 
[3.05300283 3.59200278] 
[4.74799949 6.63700045] 
[3.61599999 4.26199908] 
[7.34299997 3.02099979] 
[4.55300004 2.49800032] 
[7.35400018 4.68399978] 
[5.33   4.5955] 
[6.90500022 6.18100032] 
[6.38499997 3.70800012] 
[2.5189999  4.99299995] 
[5.37899893 2.56900052] 
[3.65100064 4.98599953] 
[4.40000565 3.97000558] 
[5.85200017 5.95399945] 
[4.67799997 4.2790007 ] 
[6.07200037 4.34899988] 
[2.44899975 3.71600012] 
[2.96299907 2.91599906] 
[6.22999978 5.08200085] 
[4.67800017 3.16300035] 
[4.09700045 2.73199991] 
[4.48700417 5.08200465] 
[7.14400073 5.14800017] 
[5.76600039 3.57199988] 
[3.61700036 3.78399981] 
[6.71400029 5.42300058] 
[3.14799986 4.78200011] 
[3.58800032 2.83200024] 
[2.3494505  2.84876633] 
[6.6429996  3.04199946] 
[7.172      6.49500018] 
[5.05200098 4.48799996] 
[5.16200004 3.64399954] 
[4.25099809 4.93900108] 
[2.91100001 3.8510005 ] 
[6.48799949 4.22099969] 
[2.757      2.40300001] 
[2.3769993  4.11500045] 
[5.80399958 5.02699983] 
[5.07700083 5.68200031] 
[4.83600004 2.82000032] 
[5.55899964 6.27200016] 
[6.08100002 5.7760013 ] 
[5.43499971 4.34499971] 
[4.07400032 2.18499996] 
[4.7320002  4.91400007] 
[4.49000033 3.06399991] 
[6.53499953 4.79799998] 
[6.51000035 6.494     ] 
[5.71399953 4.02699998] 
[7.10599872 4.66199991] 
[4.103  4.2685] 
[5.64299909 2.15699993] 
[5.73499953 4.39199998] 
[5.16299951 2.53699992] 
[2.7329996  4.52000005] 
[7.00099971 5.39599971] 
[5.16300061 3.82800011] 
[2.59966271 3.45939539] 
[2.68500045 2.95599991] 
[4.21800027 3.81400031] 
[5.38599888 3.27900291] 
[4.05900029 2.5340013 ] 
[5.74799977 6.71100063] 
[3.09199929 4.3319992 ] 
[5.61500021 3.1240003 ] 
[2.9399996  4.72899992] 
[5.71100002 5.67400004] 
[3.29900032 5.05599974] 
[5.35493239 6.16889566] 
[5.03600058 4.34099964] 
[2.88199989 3.15300051] 
[5.17700002 4.88900006] 
[2.55999983 2.24600074] 
[6.22400023 5.59299983] 
[6.10100021 2.6880003 ] 
[4.83399994 4.07199941] 
[6.46599968 3.34300017] 
[5.87400039 4.85600013] 
[4.77100002 3.81100004] 
[2.73601    2.71600892] 
[4.40100472 3.65400409] 
[6.95400162 6.42999992] 
[4.49799976 3.35599964] 
[5.61000002 5.90700004] 
[5.25599994 4.19299975] 
[3.32900043 3.68999988] 
[3.55500043 2.61899988] 
[6.83000021 3.4190003 ] 
[5.04100609 5.96400599] 
[2.3399999  4.88100039] 
[4.68399954 2.32699996] 
[3.28700022 4.17900031] 
[6.30999971 4.70099971] 
[6.57500032 4.99600024] 
[7.01300003 6.64600003] 
[2.35300043 2.20799988] 
[6.25000442 6.30100665] 
[4.85700045 3.27799991] 
[5.45499964 4.88199964] 
[2.78899975 2.18499973] 
[3.20500032 2.51500024] 
[3.95799957 4.86700019] 
[4.83600442 4.99600665] 
[6.69999885 6.20099887] 
[4.84300287 4.50100288] 
[4.29300004 2.75200032] 
[7.30000035 5.324     ] 
131 
[6.38499997 3.70800012] 
[2.88199989 3.15300051] 
[6.69999885 6.20099887] 
[4.47300017 4.60000027] 
[4.83600004 2.82000032] 
[5.80399958 5.02699983] 
[3.11800037 4.51199933] 
[5.07700083 5.68200031] 
[6.80200017 5.00399945] 
[4.77100002 3.81100004] 
[6.10100021 2.6880003 ] 
[5.55899964 6.27200016] 
[2.75699999 2.40300049] 
[4.09700045 2.73199991] 
[7.34299997 3.02099979] 
[5.16300061 3.82800011] 
[5.28499984 4.55400028] 
[3.55200045 3.72500034] 
[2.3769993  4.11500045] 
[6.84290291 2.16831691] 
[2.9399996  4.72899992] 
[5.31600005 2.52600006] 
[7.10599872 4.66199991] 
[3.65100064 4.98599953] 
[6.48799971 4.22100023] 
[6.28000005 6.13099991] 
[4.74799949 6.63700045] 
[2.50099975 3.22500012] 
[2.91100001 3.8510005 ] 
[6.78800023 6.84399983] 
[4.07400032 2.18499996] 
[4.732     4.9139997] 
[5.38599888 3.27900291] 
[7.172      6.49500018] 
[2.35300043 2.20799988] 
[5.92200068 4.68500004] 
[6.6429996  3.04199946] 
[5.85200017 5.95399945] 
[7.14400073 5.14800017] 
[4.103  4.2685] 
[5.70299987 2.41700006] 
[4.49799976 3.35599964] 
[3.55500043 2.61899988] 
[5.74799977 6.71100063] 
[5.03600067 4.34100028] 
[7.00699843 3.5979984 ] 
[6.22400023 5.59299983] 
[2.28999975 3.02499973] 
[4.68399989 2.32700055] 
[6.71400029 5.42300058] 
[2.5189999  4.99299995] 
[4.25099809 4.93900108] 
[4.40000565 3.97000558] 
[2.44899975 3.71600012] 
[3.61599999 4.26199908] 
[5.17900039 2.99899988] 
[5.17700002 4.88900006] 
[5.04100609 5.96400599] 
[6.30999971 4.70099971] 
[6.22999978 5.08200085] 
[4.85699983 3.27799997] 
[4.13400064 3.25499953] 
[4.84300287 4.50100288] 
[5.76600039 3.57199988] 
[6.82499945 4.19799982] 
[5.73499953 4.39199998] 
[5.71399953 4.02699998] 
[3.20499723 2.51499614] 
[5.25599994 4.19299975] 
[6.51000035 6.494     ] 
[5.64299909 2.15699993] 
[6.07200037 4.34899988] 
[5.09900064 5.05200046] 
[5.71100002 5.67400004] 
[4.49000033 3.06399991] 
[2.59966271 3.45939539] 
[2.43200338 2.44800225] 
[5.16200004 3.64399954] 
[2.78899975 2.18499973] 
[3.29900032 5.05599974] 
[4.67799997 4.2790007 ] 
[2.34800085 4.35000005] 
[3.09199929 4.3319992 ] 
[6.46599968 3.34300017] 
[4.40100472 3.65400409] 
[4.04799995 4.62200006] 
[6.08100002 5.7760013 ] 
[4.05900029 2.5340013 ] 
[4.48700417 5.08200465] 
[5.45499964 4.88199964] 
[5.61500021 3.1240003 ] 
[2.68500045 2.95599991] 
[3.28700022 4.17900031] 
[3.14799986 4.78200011] 
[5.35493239 6.16889566] 
[6.23900026 2.92399991] 
[5.43499971 4.34499971] 
[7.00099971 5.39599971] 
[6.83000021 3.4190003 ] 
[3.05300283 3.59200278] 
[4.21800027 3.81400031] 
[2.33400003 2.82400007] 
[6.57500032 4.99600024] 
[7.35400018 4.68399978] 
[3.58800032 2.83200024] 
[7.30000035 5.324     ] 
[2.3399999  4.88100039] 
[4.83399994 4.07199941] 
[6.95400162 6.42999992] 
[6.90500022 6.18100032] 
[3.95799957 4.86700019] 
[5.87400039 4.85600013] 
[3.85300001 2.28800001] 
[5.61000002 5.90700004] 
[3.32900043 3.68999988] 
[5.10700034 3.18799993] 
[2.7329996  4.52000005] 
[2.96299907 2.91599906] 
[5.49500027 2.72500031] 
[2.55999983 2.24600074] 
[4.26099996 4.58400002] 
[4.95500017 5.19499945] 
[5.16299951 2.53699992] 
[5.61400827 6.59900814] 
[5.25800002 5.91100004] 
[7.01300003 6.64600003] 
[6.53499953 4.79799998] 
[3.72100007 3.84200011] 
[5.17899952 3.97500045] 
[4.29300004 2.75200032] 
[6.35700035 4.12099981] 
132 
[3.61599999 4.26199908] 
[5.80399958 5.02699983] 
[5.49500027 2.72500031] 
[2.3494505  2.84876633] 
[5.74799977 6.71100063] 
[5.03600058 4.34099964] 
[7.10599872 4.66199991] 
[6.69999885 6.20099887] 
[4.49000033 3.06399991] 
[7.34299997 3.02099979] 
[2.5189999  4.99299995] 
[3.85300001 2.28800001] 
[4.95500017 5.19499945] 
[6.46599968 3.34300017] 
[2.29899984 3.95700008] 
[4.25099809 4.93900108] 
[5.25800002 5.91100004] 
[6.07200037 4.34899988] 
[2.78899975 2.18499973] 
[5.33599968 3.70800017] 
[4.74799949 6.63700045] 
[6.84290291 2.16831691] 
[2.88199989 3.15300051] 
[6.71400029 5.42300058] 
[7.01300003 6.64600003] 
[4.67799997 4.2790007 ] 
[4.40100472 3.65400409] 
[4.05900029 2.5340013 ] 
[3.09199929 4.3319992 ] 
[6.08100002 5.7760013 ] 
[7.21621508 5.17420729] 
[5.15753677 3.09147046] 
[6.22999978 5.08200085] 
[5.70299987 2.41700006] 
[3.55200045 3.72500034] 
[2.9399996  4.72899992] 
[2.44900028 3.71599981] 
[6.82499945 4.19799982] 
[6.6429996  3.04199946] 
[3.55500043 2.61899988] 
[4.68399954 2.32699996] 
[4.103  4.2685] 
[6.83000021 3.4190003 ] 
[5.33   4.5955] 
[5.55899964 6.27200016] 
[4.47300017 4.60000027] 
[2.43200338 2.44800225] 
[3.65100064 4.98599953] 
[2.911009   3.85100914] 
[5.16299951 2.53699992] 
[2.34800085 4.35000005] 
[6.30999971 4.70099971] 
[3.12700045 2.32499991] 
[6.57500032 4.99600024] 
[4.732     4.9139997] 
[6.10100021 2.6880003 ] 
[5.25599994 4.19299975] 
[2.757      2.40300001] 
[5.38599888 3.27900291] 
[5.61000002 5.90700004] 
[5.71399953 4.02699998] 
[6.31099986 6.05800046] 
[6.51000035 6.494     ] 
[5.76600039 3.57199988] 
[6.48799949 4.22099969] 
[4.77100002 3.81100004] 
[6.22400023 5.59299983] 
[2.5956591  3.36265998] 
[6.38499997 3.70800012] 
[5.07700083 5.68200031] 
[2.3399999  4.88100039] 
[5.92200068 4.68500004] 
[5.17700002 4.88900006] 
[7.17199999 6.4949997 ] 
[4.09700084 2.73200031] 
[3.95799957 4.86700019] 
[4.13400064 3.25499953] 
[5.35493239 6.16889566] 
[5.73499953 4.39199998] 
[4.83600004 2.82000032] 
[4.48700417 5.08200465] 
[5.16200004 3.64399954] 
[4.40000565 3.97000558] 
[5.85200017 5.95399945] 
[3.29900032 5.05599974] 
[4.07400032 2.18499996] 
[5.05200098 4.48799996] 
[4.49799976 3.35599964] 
[4.04799995 4.62200006] 
[6.78800023 6.84399983] 
[2.68500045 2.95599991] 
[5.31600005 2.52600006] 
[6.23900026 2.92399991] 
[5.04100609 5.96400599] 
[5.43499971 4.34499971] 
[4.85700045 3.27799991] 
[2.96299907 2.91599906] 
[2.55999983 2.24600074] 
[5.61500021 3.1240003 ] 
[3.05300283 3.59200278] 
[6.25000442 6.30100665] 
[2.7329996  4.52000005] 
[2.37700038 4.11500002] 
[6.89150707 6.27117843] 
[7.00099971 5.39599971] 
[5.87400039 4.85600013] 
[5.45499964 4.88199964] 
[6.80200017 5.00399945] 
[5.64299909 2.15699993] 
[7.35400018 4.68399978] 
[5.61400827 6.59900814] 
[2.35300043 2.20799988] 
[3.14799986 4.78200011] 
[4.26099996 4.58400002] 
[3.28700022 4.17900031] 
[3.11800037 4.51199933] 
[2.73601    2.71600892] 
[5.17567154 3.85740863] 
[7.00699843 3.5979984 ] 
[3.32900043 3.68999988] 
[5.71100002 5.67400004] 
[3.58800032 2.83200024] 
[5.09900064 5.05200046] 
[4.55300004 2.49800032] 
[4.83399994 4.07199941] 
[2.90499986 4.02300011] 
[4.84300287 4.50100288] 
[6.53499953 4.79799998] 
[3.72100007 3.84200011] 
[4.67800017 3.16300035] 
[3.20500032 2.51500024] 
[4.21800027 3.81400031] 
133 
[5.45499964 4.88199964] 
[2.73601    2.71600892] 
[5.10700034 3.18799993] 
[2.9399996  4.72899992] 
[6.71400029 5.42300058] 
[7.34299997 3.02099979] 
[6.25000442 6.30100665] 
[4.16399996 4.20100002] 
[6.38499963 3.70800009] 
[4.09700084 2.73200031] 
[2.3769993  4.11500045] 
[5.35493239 6.16889566] 
[5.16299951 2.53699992] 
[6.87264267 6.19986627] 
[5.17567154 3.85740863] 
[6.84290291 2.16831691] 
[7.10599872 4.66199991] 
[2.88199989 3.15300051] 
[5.92200068 4.68500004] 
[3.95799957 4.86700019] 
[6.6429996  3.04199946] 
[5.74410536 6.70902969] 
[3.32900043 3.68999988] 
[3.28700022 4.17900031] 
[2.757      2.40300001] 
[4.732     4.9139997] 
[4.74799949 6.63700045] 
[5.64299909 2.15699993] 
[5.05200631 4.48800621] 
[7.14400073 5.14800017] 
[6.08100002 5.7760013 ] 
[4.49000033 3.06399991] 
[3.85300001 2.28800001] 
[6.22999978 5.08200085] 
[5.25800002 5.91100004] 
[6.48799971 4.22100023] 
[7.00699843 3.5979984 ] 
[2.3494505  2.84876633] 
[4.40100472 3.65400409] 
[2.3399999  4.88100039] 
[4.67799997 4.2790007 ] 
[5.76600039 3.57199988] 
[2.43200338 2.44800225] 
[6.78800023 6.84399983] 
[4.68399989 2.32700055] 
[6.10100021 2.6880003 ] 
[6.80200017 5.00399945] 
[2.44900028 3.71599981] 
[5.09900064 5.05200046] 
[5.16200004 3.64399954] 
[3.20500032 2.51500024] 
[3.58800032 2.83200024] 
[5.73499953 4.39199998] 
[5.61000002 5.90700004] 
[5.80400059 5.02699989] 
[2.91100001 3.8510005 ] 
[5.38599888 3.27900291] 
[7.172      6.49500018] 
[4.26099996 4.58400002] 
[3.14799986 4.78200011] 
[5.49500027 2.72500031] 
[7.35400018 4.68399978] 
[6.07200037 4.34899988] 
[5.28499984 4.55400028] 
[4.25099809 4.93900108] 
[3.61599999 4.26199908] 
[5.07700083 5.68200031] 
[4.83600004 2.82000032] 
[4.13400064 3.25499953] 
[5.71399953 4.02699998] 
[6.46599968 3.34300017] 
[6.57500032 4.99600024] 
[3.11800037 4.51199933] 
[6.31099986 6.05800046] 
[3.72100007 3.84200011] 
[4.77100002 3.81100004] 
[2.50099975 3.22500012] 
[2.35300043 2.20799988] 
[2.34800085 4.35000005] 
[2.5189999  4.99299995] 
[5.17700002 4.88900006] 
[6.22400023 5.59299983] 
[6.82499945 4.19799982] 
[5.55899964 6.27200016] 
[3.29900032 5.05599974] 
[3.65100064 4.98599953] 
[5.33599968 3.70800017] 
[2.60300028 3.37600047] 
[3.05300283 3.59200278] 
[4.07400032 2.18499996] 
[2.7329996  4.52000005] 
[7.00099971 5.39599971] 
[4.21800027 3.81400031] 
[5.61500021 3.1240003 ] 
[4.67800017 3.16300035] 
[2.96299907 2.91599906] 
[5.25599994 4.19299975] 
[6.51000035 6.494     ] 
[5.85200017 5.95399945] 
[4.05900029 2.5340013 ] 
[3.09199929 4.3319992 ] 
[4.49799976 3.35599964] 
[5.70299987 2.41700006] 
[5.71100002 5.67400004] 
[4.48700417 5.08200465] 
[6.30999971 4.70099971] 
[7.01300003 6.64600003] 
[2.68500045 2.95599991] 
[6.83000021 3.4190003 ] 
[4.85700045 3.27799991] 
[3.55200045 3.72500034] 
[2.55999983 2.24600074] 
[4.84300287 4.50100288] 
[6.23900026 2.92399991] 
[4.83399994 4.07199941] 
[5.03600058 4.34099964] 
[4.04799995 4.62200006] 
[5.04100609 5.96400599] 
[6.53499953 4.79799998] 
[7.30000035 5.324     ] 
[4.40000565 3.97000558] 
[3.55500043 2.61899988] 
[5.31600005 2.52600006] 
[4.47300017 4.60000027] 
[2.78899975 2.18499973] 
[5.17900039 2.99899988] 
[6.278 3.548] 
[6.95400162 6.42999992] 
[5.43499971 4.34499971] 
[4.04199996 4.33600002] 
[4.95500017 5.19499945] 
[6.35700035 4.12099981] 
[3.12700045 2.32499991] 
134 
[4.95500017 5.19499945] 
[4.05900029 2.5340013 ] 
[7.10599872 4.66199991] 
[3.32900043 3.68999988] 
[5.16200004 3.64399954] 
[6.84290291 2.16831691] 
[7.172      6.49500018] 
[6.08100002 5.7760013 ] 
[2.78899975 2.18499973] 
[3.29900032 5.05599974] 
[6.07200037 4.34899988] 
[5.31600005 2.52600006] 
[2.34800085 4.35000005] 
[4.26099996 4.58400002] 
[2.5956591  3.36265998] 
[5.18520731 3.90103647] 
[4.74799949 6.63700045] 
[7.00699843 3.5979984 ] 
[5.35493239 6.16889566] 
[6.23900026 2.92399991] 
[5.80400059 5.02699989] 
[5.28499984 4.55400028] 
[3.11800037 4.51199933] 
[2.33400003 2.82400007] 
[7.14400073 5.14800017] 
[6.57500032 4.99600024] 
[4.40000565 3.97000558] 
[2.5189999  4.99299995] 
[4.68399954 2.32699996] 
[4.49799976 3.35599964] 
[5.10700034 3.18799993] 
[6.46599968 3.34300017] 
[3.20500032 2.51500024] 
[6.71400029 5.42300058] 
[5.71399953 4.02699998] 
[5.61400827 6.59900814] 
[3.61599999 4.26199908] 
[7.34299997 3.02099979] 
[6.90500022 6.18100032] 
[5.04100609 5.96400599] 
[2.68500045 2.95599991] 
[5.70299987 2.41700006] 
[4.48700417 5.08200465] 
[2.9399996  4.72899992] 
[4.67799997 4.2790007 ] 
[3.58800032 2.83200024] 
[6.78800023 6.84399983] 
[6.22999978 5.08200085] 
[2.91100001 3.8510005 ] 
[2.35300043 2.20799988] 
[5.38599888 3.27900291] 
[3.95799957 4.86700019] 
[6.25000442 6.30100665] 
[4.07400032 2.18499996] 
[2.44900028 3.71599981] 
[5.76600039 3.57199988] 
[6.6429996  3.04199946] 
[6.82499945 4.19799982] 
[3.72100007 3.84200011] 
[4.67800017 3.16300035] 
[5.61000002 5.90700004] 
[5.05200631 4.48800621] 
[4.732     4.9139997] 
[5.45499964 4.88199964] 
[4.49000033 3.06399991] 
[6.38499997 3.70800012] 
[4.16399996 4.20100002] 
[4.83600004 2.82000032] 
[2.757      2.40300001] 
[4.25099809 4.93900108] 
[2.43200338 2.44800225] 
[4.77100002 3.81100004] 
[6.51000035 6.494     ] 
[5.73499953 4.39199998] 
[6.48799949 4.22099969] 
[4.13400064 3.25499953] 
[2.29899984 3.95700008] 
[5.61500021 3.1240003 ] 
[5.92200068 4.68500004] 
[3.65100064 4.98599953] 
[5.09900064 5.05200046] 
[6.22400023 5.59299983] 
[5.64299909 2.15699993] 
[5.07700083 5.68200031] 
[4.83399994 4.07199941] 
[2.7329996  4.52000005] 
[3.05300283 3.59200278] 
[2.96299907 2.91599906] 
[6.31099986 6.05800046] 
[2.37700038 4.11500002] 
[4.40100472 3.65400409] 
[7.00099971 5.39599971] 
[5.55899964 6.27200016] 
[5.17700002 4.88900006] 
[5.43499971 4.34499971] 
[6.10100021 2.6880003 ] 
[3.28700022 4.17900031] 
[5.12100029 4.29899988] 
[3.09199929 4.3319992 ] 
[2.73601    2.71600892] 
[7.01300003 6.64600003] 
[5.49500027 2.72500031] 
[6.83000021 3.4190003 ] 
[6.30999971 4.70099971] 
[7.35400018 4.68399978] 
[5.25800002 5.91100004] 
[5.85200017 5.95399945] 
[2.88199989 3.15300051] 
[5.16299951 2.53699992] 
[5.74799977 6.71100063] 
[4.21800027 3.81400031] 
[3.85300001 2.28800001] 
[4.04799995 4.62200006] 
[3.14799986 4.78200011] 
[2.3399999  4.88100039] 
[2.55999983 2.24600074] 
[4.47300017 4.60000027] 
[6.80200017 5.00399945] 
[3.55200045 3.72500034] 
[5.71100002 5.67400004] 
[2.28999975 3.02499973] 
[3.12700045 2.32499991] 
[4.85700045 3.27799991] 
[4.55300004 2.49800032] 
[4.09700084 2.73200031] 
[4.84300287 4.50100288] 
[6.53499953 4.79799998] 
[5.17900039 2.99899988] 
[3.55500043 2.61899988] 
[7.30000035 5.324     ] 
[6.95400162 6.42999992] 
[6.69999885 6.20099887] 
[5.33599968 3.70800017] 
[4.04199996 4.33600002] 
135 
[5.16200004 3.64399954] 
[5.85200017 5.95399945] 
[3.28700022 4.17900031] 
[7.34299997 3.02099979] 
[2.43200338 2.44800225] 
[5.92200068 4.68500004] 
[5.70299987 2.41700006] 
[3.85300001 2.28800001] 
[7.00099971 5.39599971] 
[3.95799957 4.86700019] 
[4.732     4.9139997] 
[2.34800085 4.35000005] 
[6.78800023 6.84399983] 
[4.74799949 6.63700045] 
[6.278 3.548] 
[2.44899975 3.71600012] 
[4.83600004 2.82000032] 
[6.84290291 2.16831691] 
[6.07200037 4.34899988] 
[7.10599872 4.66199991] 
[5.38599888 3.27900291] 
[4.40100472 3.65400409] 
[5.33   4.5955] 
[7.13625856 6.46829266] 
[2.5189999  4.99299995] 
[3.61700036 3.78399981] 
[5.07700083 5.68200031] 
[2.59966271 3.45939539] 
[6.6429996  3.04199946] 
[5.55899964 6.27200016] 
[4.84300287 4.50100288] 
[6.82499945 4.19799982] 
[3.58800032 2.83200024] 
[4.29300004 2.75200032] 
[3.14799986 4.78200011] 
[2.68500045 2.95599991] 
[4.103  4.2685] 
[6.53499953 4.79799998] 
[3.12700045 2.32499991] 
[6.10100021 2.6880003 ] 
[6.22999978 5.08200085] 
[6.25000442 6.30100665] 
[7.00699843 3.5979984 ] 
[5.16299951 2.53699992] 
[5.12100029 4.29899988] 
[4.67800017 3.16300035] 
[5.09900064 5.05200046] 
[3.05300283 3.59200278] 
[5.71399953 4.02699998] 
[5.74799977 6.71100063] 
[4.68399989 2.32700055] 
[2.90499986 4.02300011] 
[3.61599999 4.26199908] 
[7.14400073 5.14800017] 
[6.08100002 5.7760013 ] 
[5.16300061 3.82800011] 
[2.757      2.40300001] 
[4.26099996 4.58400002] 
[5.80400059 5.02699989] 
[6.71400029 5.42300058] 
[6.69999885 6.20099887] 
[5.35493239 6.16889566] 
[5.17900039 2.99899988] 
[2.28999975 3.02499973] 
[4.09700045 2.73199991] 
[2.9399996  4.72899992] 
[5.04100609 5.96400599] 
[5.76600039 3.57199988] 
[4.77100002 3.81100004] 
[4.25099809 4.93900108] 
[4.49799976 3.35599964] 
[4.13400064 3.25499953] 
[2.3399999  4.88100039] 
[5.73499953 4.39199998] 
[2.35300043 2.20799988] 
[5.64299909 2.15699993] 
[5.49500027 2.72500031] 
[4.21800027 3.81400031] 
[4.07400032 2.18499996] 
[6.80200017 5.00399945] 
[2.7329996  4.52000005] 
[5.71100002 5.67400004] 
[4.67799997 4.2790007 ] 
[5.17899976 3.9750009 ] 
[3.29900032 5.05599974] 
[7.35400018 4.68399978] 
[3.09199929 4.3319992 ] 
[5.17700002 4.88900006] 
[3.11800037 4.51199933] 
[4.48700417 5.08200465] 
[5.05200098 4.48799996] 
[2.37700038 4.11500002] 
[2.73601    2.71600892] 
[3.65100064 4.98599953] 
[6.23900026 2.92399991] 
[4.49000033 3.06399991] 
[2.33400003 2.82400007] 
[5.45499964 4.88199964] 
[5.61000002 5.90700004] 
[2.88199989 3.15300051] 
[5.61500021 3.1240003 ] 
[6.46599968 3.34300017] 
[6.31099986 6.05800046] 
[6.35700035 4.12099981] 
[2.96299907 2.91599906] 
[6.51000035 6.494     ] 
[2.50099975 3.22500012] 
[4.05900029 2.5340013 ] 
[4.47300017 4.60000027] 
[2.78899975 2.18499973] 
[6.22400023 5.59299983] 
[2.29899984 3.95700008] 
[2.55999983 2.24600074] 
[6.83000021 3.4190003 ] 
[6.90500022 6.18100032] 
[4.85700045 3.27799991] 
[5.25800002 5.91100004] 
[5.43499971 4.34499971] 
[5.31600005 2.52600006] 
[3.32900043 3.68999988] 
[4.83399994 4.07199941] 
[3.20500032 2.51500024] 
[5.10700034 3.18799993] 
[3.55500043 2.61899988] 
[6.30999971 4.70099971] 
[4.04799995 4.62200006] 
[4.95500017 5.19499945] 
[2.911009   3.85100914] 
[7.01300003 6.64600003] 
[6.38499963 3.70800009] 
[5.61400827 6.59900814] 
[6.48799971 4.22100023] 
[6.57500032 4.99600024] 
[4.40000565 3.97000558] 
[7.30000035 5.324     ] 
136 
[4.83399994 4.07199941] 
[6.31099986 6.05800046] 
[2.88199989 3.15300051] 
[6.83000021 3.4190003 ] 
[5.16299951 2.53699992] 
[3.65100064 4.98599953] 
[3.09199929 4.3319992 ] 
[7.00099971 5.39599971] 
[5.33   4.5955] 
[4.74799949 6.63700045] 
[3.85300001 2.28800001] 
[5.55899964 6.27200016] 
[6.84290291 2.16831691] 
[2.78899975 2.18499973] 
[6.95400162 6.42999992] 
[4.85700045 3.27799991] 
[4.732     4.9139997] 
[6.22999978 5.08200085] 
[6.82499945 4.19799982] 
[2.3399999  4.88100039] 
[2.29899984 3.95700008] 
[5.61500021 3.1240003 ] 
[3.72100007 3.84200011] 
[5.07700083 5.68200031] 
[5.33599968 3.70800017] 
[7.23961881 4.68872672] 
[6.07200037 4.34899988] 
[4.05900029 2.5340013 ] 
[2.28999975 3.02499973] 
[5.64299909 2.15699993] 
[4.04799995 4.62200006] 
[6.46599968 3.34300017] 
[5.71100002 5.67400004] 
[2.9399996  4.72899992] 
[4.13400064 3.25499953] 
[6.23900026 2.92399991] 
[3.55500043 2.61899988] 
[5.80400059 5.02699989] 
[2.5956591  3.36265998] 
[2.43200338 2.44800225] 
[2.91100001 3.8510005 ] 
[4.40100472 3.65400409] 
[6.57500032 4.99600024] 
[4.49000033 3.06399991] 
[5.03600058 4.34099964] 
[4.67799997 4.2790007 ] 
[5.74799977 6.71100063] 
[5.09900064 5.05200046] 
[6.08100002 5.7760013 ] 
[7.34299997 3.02099979] 
[4.68399954 2.32699996] 
[2.34800085 4.35000005] 
[5.10700034 3.18799993] 
[6.51000035 6.494     ] 
[3.05300283 3.59200278] 
[7.30000035 5.324     ] 
[2.73601    2.71600892] 
[4.16399996 4.20100002] 
[3.20500032 2.51500024] 
[5.38599888 3.27900291] 
[6.48799949 4.22099969] 
[5.76600039 3.57199988] 
[6.6429996  3.04199946] 
[5.17567154 3.85740863] 
[3.95799957 4.86700019] 
[5.71399953 4.02699998] 
[6.38499997 3.70800012] 
[2.5189999  4.99299995] 
[5.92200068 4.68500004] 
[4.83600004 2.82000032] 
[6.78800023 6.84399983] 
[5.49500027 2.72500031] 
[4.77100002 3.81100004] 
[6.71399932 5.42300001] 
[4.25099809 4.93900108] 
[3.61599999 4.26199908] 
[3.29900032 5.05599974] 
[5.70299987 2.41700006] 
[4.47300017 4.60000027] 
[5.85200017 5.95399945] 
[5.73499953 4.39199998] 
[6.69999885 6.20099887] 
[5.35493239 6.16889566] 
[4.09700084 2.73200031] 
[5.04100609 5.96400599] 
[2.35300043 2.20799988] 
[4.48700417 5.08200465] 
[2.7329996  4.52000005] 
[5.17700002 4.88900006] 
[4.40000565 3.97000558] 
[2.757      2.40300001] 
[4.07400032 2.18499996] 
[5.05200098 4.48799996] 
[2.37700038 4.11500002] 
[3.55200045 3.72500034] 
[5.45499964 4.88199964] 
[2.33400003 2.82400007] 
[4.49799976 3.35599964] 
[6.9540089  4.64700881] 
[7.14400073 5.14800017] 
[5.16200004 3.64399954] 
[5.43499971 4.34499971] 
[4.21800027 3.81400031] 
[5.61000002 5.90700004] 
[2.68500045 2.95599991] 
[6.90500022 6.18100032] 
[3.28700022 4.17900031] 
[2.44900028 3.71599981] 
[6.30999971 4.70099971] 
[4.67800017 3.16300035] 
[2.96299907 2.91599906] 
[6.22400023 5.59299983] 
[3.32900043 3.68999988] 
[7.00699843 3.5979984 ] 
[6.10100021 2.6880003 ] 
[6.25000442 6.30100665] 
[5.31600005 2.52600006] 
[4.84300287 4.50100288] 
[4.04199996 4.33600002] 
[3.11800037 4.51199933] 
[7.172      6.49500018] 
[4.26099996 4.58400002] 
[2.55999983 2.24600074] 
[7.01300003 6.64600003] 
[4.55300004 2.49800032] 
[5.61400827 6.59900814] 
[6.80200017 5.00399945] 
[3.58800032 2.83200024] 
[3.14799986 4.78200011] 
[5.17900039 2.99899988] 
[3.12700045 2.32499991] 
[6.53499953 4.79799998] 
[5.25599994 4.19299975] 
[5.25800002 5.91100004] 
[6.75400442 5.58600665] 
[4.95500017 5.19499945] 
137 
[3.05300283 3.59200278] 
[6.82499945 4.19799982] 
[4.48700417 5.08200465] 
[5.10700034 3.18799993] 
[6.78800023 6.84399983] 
[3.12700045 2.32499991] 
[6.22999978 5.08200085] 
[5.35493239 6.16889566] 
[2.34800085 4.35000005] 
[5.64299909 2.15699993] 
[4.84300287 4.50100288] 
[6.84290291 2.16831691] 
[4.67800017 3.16300035] 
[2.50099975 3.22500012] 
[7.10599872 4.66199991] 
[6.38499997 3.70800012] 
[3.61599999 4.26199908] 
[4.68399954 2.32699996] 
[5.16299981 3.82799955] 
[5.43499971 4.34499971] 
[6.31099986 6.05800046] 
[4.09700045 2.73199991] 
[3.11800037 4.51199933] 
[6.6429996  3.04199946] 
[6.69999885 6.20099887] 
[2.43200338 2.44800225] 
[4.21800027 3.81400031] 
[7.34299997 3.02099979] 
[5.16299951 2.53699992] 
[7.00099971 5.39599971] 
[5.92200068 4.68500004] 
[4.04799995 4.62200006] 
[4.74799949 6.63700045] 
[5.09900064 5.05200046] 
[2.9399996  4.72899992] 
[7.00699843 3.5979984 ] 
[5.61400827 6.59900814] 
[5.04100609 5.96400599] 
[3.85300001 2.28800001] 
[7.13625856 6.46829266] 
[6.08100002 5.7760013 ] 
[2.88199989 3.15300051] 
[3.29900032 5.05599974] 
[2.60300028 3.37600047] 
[6.57500032 4.99600024] 
[3.55500043 2.61899988] 
[3.61700036 3.78399981] 
[2.29899984 3.95700008] 
[2.3399999  4.88100039] 
[5.03600058 4.34099964] 
[6.10100021 2.6880003 ] 
[4.83399994 4.07199941] 
[3.09199929 4.3319992 ] 
[2.55999983 2.24600074] 
[7.29999917 5.32399752] 
[2.3494505  2.84876633] 
[2.83799998 2.53599999] 
[4.13400064 3.25499953] 
[4.732     4.9139997] 
[5.76600039 3.57199988] 
[4.16399996 4.20100002] 
[5.45499964 4.88199964] 
[5.71100002 5.67400004] 
[5.73499953 4.39199998] 
[5.87400039 4.85600013] 
[4.25099809 4.93900108] 
[6.07200037 4.34899988] 
[4.49000033 3.06399991] 
[5.38599888 3.27900291] 
[5.55899964 6.27200016] 
[4.67799997 4.2790007 ] 
[5.28499984 4.55400028] 
[5.07700083 5.68200031] 
[6.71400029 5.42300058] 
[4.07400032 2.18499996] 
[5.31600005 2.52600006] 
[6.51000035 6.494     ] 
[2.91100001 3.8510005 ] 
[3.14799986 4.78200011] 
[6.48799949 4.22099969] 
[4.83600004 2.82000032] 
[5.70299987 2.41700006] 
[5.85200017 5.95399945] 
[3.65100064 4.98599953] 
[3.28700022 4.17900031] 
[2.5189999  4.99299995] 
[3.95799957 4.86700019] 
[4.05900029 2.5340013 ] 
[5.61500021 3.1240003 ] 
[5.17700002 4.88900006] 
[2.68500045 2.95599991] 
[7.35400018 4.68399978] 
[6.23900026 2.92399991] 
[5.71399953 4.02699998] 
[5.74799977 6.71100063] 
[3.32900043 3.68999988] 
[5.61000002 5.90700004] 
[2.37700038 4.11500002] 
[6.30999971 4.70099971] 
[6.83000021 3.4190003 ] 
[5.25599994 4.19299975] 
[2.7329996  4.52000005] 
[5.80399958 5.02699983] 
[2.51300007 3.57000011] 
[4.49799976 3.35599964] 
[4.47300017 4.60000027] 
[6.22400023 5.59299983] 
[6.90500022 6.18100032] 
[2.78899975 2.18499973] 
[4.40100472 3.65400409] 
[5.25800002 5.91100004] 
[4.40000565 3.97000558] 
[2.96299907 2.91599906] 
[3.20500032 2.51500024] 
[6.80200017 5.00399945] 
[4.77100002 3.81100004] 
[6.46599968 3.34300017] 
[4.55300004 2.49800032] 
[3.58800032 2.83200024] 
[4.26099996 4.58400002] 
[4.85700045 3.27799991] 
[4.95500017 5.19499945] 
[5.1619999  3.64399999] 
[2.35300043 2.20799988] 
[5.17899952 3.97500045] 
[7.01300003 6.64600003] 
[6.53499953 4.79799998] 
[5.05200631 4.48800621] 
[4.29300004 2.75200032] 
[5.49500027 2.72500031] 
[2.73601    2.71600892] 
[4.04199996 4.33600002] 
[2.75700007 2.40300011] 
[6.25000442 6.30100665] 
[2.44899975 3.71600012] 
[5.17900039 2.99899988] 
[7.14400023 5.14799983] 
138 
[5.61400827 6.59900814] 
[5.10700034 3.18799993] 
[2.9399996  4.72899992] 
[5.87400039 4.85600013] 
[2.43200338 2.44800225] 
[7.00699843 3.5979984 ] 
[5.03600067 4.34100028] 
[7.00099971 5.39599971] 
[3.32900043 3.68999988] 
[6.90499982 6.18100008] 
[4.05900029 2.5340013 ] 
[4.04799995 4.62200006] 
[5.70299987 2.41700006] 
[2.44899975 3.71600012] 
[6.84290291 2.16831691] 
[5.71100002 5.67400004] 
[4.77100002 3.81100004] 
[4.95500017 5.19499945] 
[6.82499945 4.19799982] 
[6.9540089  4.64700881] 
[2.3769993  4.11500045] 
[5.35493239 6.16889566] 
[6.278 3.548] 
[2.68500045 2.95599991] 
[4.49000033 3.06399991] 
[5.16300061 3.82800011] 
[7.34299997 3.02099979] 
[6.6429996  3.04199946] 
[6.31099986 6.05800046] 
[6.30999971 4.70099971] 
[4.68399954 2.32699996] 
[3.12700045 2.32499991] 
[5.07700083 5.68200031] 
[3.61599999 4.26199908] 
[2.5956591  3.36265998] 
[6.78800023 6.84399983] 
[4.74799949 6.63700045] 
[5.16299951 2.53699992] 
[3.09199929 4.3319992 ] 
[4.732     4.9139997] 
[5.28499984 4.55400028] 
[4.16399996 4.20100002] 
[2.3399999  4.88100039] 
[6.22400023 5.59299983] 
[6.07200037 4.34899988] 
[7.172      6.49500018] 
[3.95799957 4.86700019] 
[5.76600039 3.57199988] 
[2.91100001 3.8510005 ] 
[2.33400003 2.82400007] 
[3.58800032 2.83200024] 
[6.22999978 5.08200085] 
[5.17700002 4.88900006] 
[3.85300001 2.28800001] 
[6.10100021 2.6880003 ] 
[5.61500021 3.1240003 ] 
[6.80200017 5.00399945] 
[7.14400073 5.14800017] 
[6.71400029 5.42300058] 
[4.49799976 3.35599964] 
[5.71399953 4.02699998] 
[4.67799997 4.2790007 ] 
[2.757      2.40300001] 
[3.29900032 5.05599974] 
[4.21800027 3.81400031] 
[7.23961881 4.68872672] 
[5.25599994 4.19299975] 
[5.45499964 4.88199964] 
[6.51000035 6.494     ] 
[3.72100007 3.84200011] 
[4.25099809 4.93900108] 
[4.47300017 4.60000027] 
[5.38599888 3.27900291] 
[4.13400064 3.25499953] 
[5.85200017 5.95399945] 
[4.83600004 2.82000032] 
[2.55999983 2.24600074] 
[6.48799949 4.22099969] 
[5.31600005 2.52600006] 
[2.5189999  4.99299995] 
[2.34800085 4.35000005] 
[4.07400032 2.18499996] 
[5.73499953 4.39199998] 
[3.65100064 4.98599953] 
[5.16200004 3.64399954] 
[6.08100002 5.7760013 ] 
[5.04100609 5.96400599] 
[4.48700417 5.08200465] 
[5.55899964 6.27200016] 
[4.85700045 3.27799991] 
[6.46599968 3.34300017] 
[4.83399994 4.07199941] 
[3.05300283 3.59200278] 
[4.40100472 3.65400409] 
[2.96299907 2.91599906] 
[5.74799977 6.71100063] 
[6.86599932 6.28200001] 
[5.92200068 4.68500004] 
[4.29300004 2.75200032] 
[6.23900026 2.92399991] 
[6.53499953 4.79799998] 
[6.83000021 3.4190003 ] 
[2.7329996  4.52000005] 
[5.43499971 4.34499971] 
[5.64299909 2.15699993] 
[3.11800037 4.51199933] 
[4.84300287 4.50100288] 
[2.35300043 2.20799988] 
[2.73601    2.71600892] 
[5.25800002 5.91100004] 
[3.14799986 4.78200011] 
[3.28700022 4.17900031] 
[3.55500043 2.61899988] 
[5.17900039 2.99899988] 
[2.78899975 2.18499973] 
[2.88199989 3.15300051] 
[4.40000565 3.97000558] 
[6.69999885 6.20099887] 
[4.26099996 4.58400002] 
[3.55200045 3.72500034] 
[4.67800017 3.16300035] 
[6.25000442 6.30100665] 
[5.09900064 5.05200046] 
[5.17899952 3.97500045] 
[5.61000002 5.90700004] 
[7.01300003 6.64600003] 
[6.95400162 6.42999992] 
[7.30000035 5.324     ] 
[3.20500032 2.51500024] 
[6.38499963 3.70800009] 
[6.57500032 4.99600024] 
[4.55300004 2.49800032] 
[2.51300007 3.57000011] 
[5.80399958 5.02699983] 
[2.28999975 3.02499973] 
[5.49500027 2.72500031] 
[4.09700045 2.73199991] 
[4.04199996 4.33600002] 
139 
[2.73601    2.71600892] 
[5.05200098 4.48799996] 
[6.71400029 5.42300058] 
[5.49500027 2.72500031] 
[3.09199929 4.3319992 ] 
[6.6429996  3.04199946] 
[5.35493239 6.16889566] 
[4.47300017 4.60000027] 
[4.07400032 2.18499996] 
[5.92200068 4.68500004] 
[4.49799976 3.35599964] 
[7.01300003 6.64600003] 
[2.29899984 3.95700008] 
[7.35400018 4.68399978] 
[6.84290291 2.16831691] 
[3.55200045 3.72500034] 
[6.28000005 6.13099991] 
[5.76600039 3.57199988] 
[5.02499974 3.72500032] 
[6.48799949 4.22099969] 
[2.9399996  4.72899992] 
[2.60300028 3.37600047] 
[4.05900029 2.5340013 ] 
[4.83600442 4.99600665] 
[5.10700034 3.18799993] 
[4.04199996 4.33600002] 
[5.74799977 6.71100063] 
[7.34299997 3.02099979] 
[2.43200338 2.44800225] 
[5.70299987 2.41700006] 
[4.25099809 4.93900108] 
[4.74799949 6.63700045] 
[3.12700045 2.32499991] 
[6.53499953 4.79799998] 
[2.5189999  4.99299995] 
[7.14400073 5.14800017] 
[3.61599999 4.26199908] 
[5.07700083 5.68200031] 
[2.91100001 3.8510005 ] 
[6.08100002 5.7760013 ] 
[6.83000021 3.4190003 ] 
[5.45499964 4.88199964] 
[3.58800032 2.83200024] 
[6.278 3.548] 
[4.40000565 3.97000558] 
[5.16299951 2.53699992] 
[4.68399989 2.32700055] 
[6.22999978 5.08200085] 
[6.87264267 6.19986627] 
[2.33400003 2.82400007] 
[2.34800085 4.35000005] 
[4.41800472 2.91400409] 
[5.25599994 4.19299975] 
[6.10100021 2.6880003 ] 
[3.65100064 4.98599953] 
[4.83399994 4.07199941] 
[5.17899952 3.97500045] 
[5.61000002 5.90700004] 
[4.85700045 3.27799991] 
[7.10599872 4.66199991] 
[6.51000035 6.494     ] 
[4.13400064 3.25499953] 
[5.71399953 4.02699998] 
[2.55999983 2.24600074] 
[5.25800002 5.91100004] 
[5.64299909 2.15699993] 
[7.13625856 6.46829266] 
[5.80399958 5.02699983] 
[4.83600004 2.82000032] 
[2.88199989 3.15300051] 
[5.09900064 5.05200046] 
[5.33   4.5955] 
[6.07200037 4.34899988] 
[4.48700417 5.08200465] 
[2.44899975 3.71600012] 
[6.82499945 4.19799982] 
[5.17700002 4.88900006] 
[3.85300001 2.28800001] 
[5.38599888 3.27900291] 
[4.67799997 4.2790007 ] 
[5.55899964 6.27200016] 
[3.14799986 4.78200011] 
[6.57500032 4.99600024] 
[4.21800027 3.81400031] 
[6.78800023 6.84399983] 
[5.73499953 4.39199998] 
[3.29900032 5.05599974] 
[5.16200234 3.64400026] 
[5.61500021 3.1240003 ] 
[7.00699843 3.5979984 ] 
[2.7329996  4.52000005] 
[6.46599968 3.34300017] 
[7.00099971 5.39599971] 
[4.04799995 4.62200006] 
[4.40100472 3.65400409] 
[5.31600005 2.52600006] 
[3.05300283 3.59200278] 
[4.67800017 3.16300035] 
[2.757      2.40300001] 
[5.85200017 5.95399945] 
[3.32900043 3.68999988] 
[6.23900026 2.92399991] 
[2.96299907 2.91599906] 
[3.11800037 4.51199933] 
[5.43499971 4.34499971] 
[6.30999971 4.70099971] 
[5.87400039 4.85600013] 
[4.7320002  4.91400007] 
[2.37700038 4.11500002] 
[2.35300043 2.20799988] 
[4.84300287 4.50100288] 
[4.77100002 3.81100004] 
[5.71100002 5.67400004] 
[2.68500045 2.95599991] 
[5.04100609 5.96400599] 
[6.80200017 5.00399945] 
[3.95799957 4.86700019] 
[3.28700022 4.17900031] 
[4.29300004 2.75200032] 
[7.30000035 5.324     ] 
[2.3399999  4.88100039] 
[5.03600058 4.34099964] 
[3.55500043 2.61899988] 
[2.78899975 2.18499973] 
[6.22400023 5.59299983] 
[4.95500017 5.19499945] 
[5.17900039 2.99899988] 
[3.72100007 3.84200011] 
[4.16399996 4.20100002] 
[4.09700045 2.73199991] 
[5.61400827 6.59900814] 
[4.48999986 3.06399972] 
[6.38499963 3.70800009] 
[2.28999975 3.02499973] 
[3.20500032 2.51500024] 
[4.26099996 4.58400002] 
[5.16299981 3.82799955] 
[2.50099975 3.22500012] 
[2.51300007 3.57000011] 
140 
[6.53499953 4.79799998] 
[3.55200045 3.72500034] 
[5.70299987 2.41700006] 
[5.74799977 6.71100063] 
[5.17899952 3.97500045] 
[2.73601    2.71600892] 
[2.3399999  4.88100039] 
[6.51000035 6.494     ] 
[4.55300004 2.49800032] 
[4.83600442 4.99600665] 
[6.278 3.548] 
[6.84290291 2.16831691] 
[3.09199929 4.3319992 ] 
[6.22400023 5.59299983] 
[3.95799957 4.86700019] 
[7.14400073 5.14800017] 
[2.37700038 4.11500002] 
[5.38599888 3.27900291] 
[5.07700083 5.68200031] 
[4.13400064 3.25499953] 
[5.20700013 4.45800019] 
[2.51300007 3.57000011] 
[6.6429996  3.04199946] 
[4.74799949 6.63700045] 
[6.07200037 4.34899988] 
[7.172      6.49500018] 
[3.20500032 2.51500024] 
[6.48799949 4.22099969] 
[4.40000565 3.97000558] 
[5.80399958 5.02699983] 
[4.09700045 2.73199991] 
[7.34299997 3.02099979] 
[5.35493239 6.16889566] 
[4.67799997 4.2790007 ] 
[5.16299951 2.53699992] 
[2.9399996  4.72899992] 
[4.07400032 2.18499996] 
[4.67800017 3.16300035] 
[2.35300043 2.20799988] 
[2.33400003 2.82400007] 
[7.10599872 4.66199991] 
[6.08100002 5.7760013 ] 
[6.31099986 6.05800046] 
[7.00699843 3.5979984 ] 
[6.90500022 6.18100032] 
[4.103  4.2685] 
[6.75400442 5.58600665] 
[3.55500043 2.61899988] 
[3.61599999 4.26199908] 
[5.16200004 3.64399954] 
[6.23900026 2.92399991] 
[2.60300028 3.37600047] 
[5.85200017 5.95399945] 
[6.22999978 5.08200085] 
[5.71399953 4.02699998] 
[3.32900043 3.68999988] 
[3.29900032 5.05599974] 
[5.33   4.5955] 
[2.911009   3.85100914] 
[5.92200068 4.68500004] 
[4.48700417 5.08200465] 
[2.55999983 2.24600074] 
[5.76600039 3.57199988] 
[5.17700001 4.88900015] 
[5.64299909 2.15699993] 
[3.11800037 4.51199933] 
[5.15753677 3.09147046] 
[4.25099809 4.93900108] 
[4.26099996 4.58400002] 
[4.49000033 3.06399991] 
[6.10100021 2.6880003 ] 
[6.78800023 6.84399983] 
[2.96299907 2.91599906] 
[5.04100609 5.96400599] 
[4.83600004 2.82000032] 
[3.05300283 3.59200278] 
[5.49500027 2.72500031] 
[4.40100472 3.65400409] 
[6.82499945 4.19799982] 
[6.80200017 5.00399945] 
[5.73499953 4.39199998] 
[5.55899964 6.27200016] 
[2.757      2.40300001] 
[4.77100002 3.81100004] 
[2.5189999  4.99299995] 
[5.61500021 3.1240003 ] 
[4.83399994 4.07199941] 
[5.25599994 4.19299975] 
[5.71100002 5.67400004] 
[2.34800085 4.35000005] 
[7.35400018 4.68399978] 
[5.03600067 4.34100028] 
[2.43200338 2.44800225] 
[5.61000002 5.90700004] 
[5.16300061 3.82800011] 
[4.49799976 3.35599964] 
[5.45499964 4.88199964] 
[3.28700022 4.17900031] 
[7.00099971 5.39599971] 
[2.7329996  4.52000005] 
[2.68500045 2.95599991] 
[3.85300001 2.28800001] 
[5.31600005 2.52600006] 
[6.83000021 3.4190003 ] 
[2.78899975 2.18499973] 
[6.46599968 3.34300017] 
[6.95400162 6.42999992] 
[4.05900029 2.5340013 ] 
[4.7320002  4.91400007] 
[3.65100064 4.98599953] 
[5.87400039 4.85600013] 
[4.21800027 3.81400031] 
[7.30000035 5.324     ] 
[2.88199989 3.15300051] 
[4.85700045 3.27799991] 
[5.43499971 4.34499971] 
[4.95500017 5.19499945] 
[6.57500032 4.99600024] 
[4.84300287 4.50100288] 
[6.30999971 4.70099971] 
[3.12700045 2.32499991] 
[3.14799986 4.78200011] 
[2.29899984 3.95700008] 
[3.58800032 2.83200024] 
[7.01300003 6.64600003] 
[4.04799995 4.62200006] 
[6.25000442 6.30100665] 
[2.50099975 3.22500012] 
[6.71399932 5.42300001] 
[4.47300017 4.60000027] 
[6.69999885 6.20099887] 
[2.44899975 3.71600012] 
[2.90499986 4.02300011] 
[4.68399954 2.32699996] 
[2.28999975 3.02499973] 
[4.29300004 2.75200032] 
[6.38499963 3.70800009] 
[3.72100007 3.84200011] 
[5.61400827 6.59900814] 
[5.25800002 5.91100004] 
