61 
[6.71400029 5.42300058] 
[3.5879997  2.83199999] 
[5.16300119 3.82800009] 
[2.73300008 4.52000002] 
[7.00699964 3.59800026] 
[4.09715554 4.33298085] 
[5.85199918 5.95399921] 
[5.27846761 2.57194444] 
[2.3494505  2.84876633] 
[6.07200037 4.34899988] 
[4.78131908 4.9804353 ] 
[6.84290291 2.16831691] 
[7.10931821 6.48704059] 
[7.10599967 4.66199997] 
[2.5956591  3.36265998] 
[5.20699812 4.45799793] 
[6.22999978 5.08200085] 
[6.23897522 2.92395725] 
[4.74799949 6.63700045] 
[4.11157997 2.5809408 ] 
[3.5520001 3.7249998] 
[6.3331267  6.26475035] 
[4.07399989 2.18499996] 
[4.21800197 3.81400086] 
[5.23899965 3.15899978] 
[5.74410536 6.70902969] 
[5.60842336 2.36081408] 
[3.65100064 4.98599953] 
[5.17700001 4.88899964] 
[7.19511305 5.1793377 ] 
[3.20499723 2.51499614] 
[2.5436973 2.2612075] 
[2.34800085 4.35000005] 
[6.46599855 3.34300312] 
[7.34299997 3.02099979] 
[6.22400023 5.59299983] 
[6.57500064 4.99599949] 
[6.6429996  3.04199946] 
[3.11857509 4.34748545] 
[5.08600729 5.70248924] 
[4.69999456 4.43899452] 
[6.48799996 4.22099944] 
[2.51899989 4.99299989] 
[4.12918624 4.92082733] 
[5.87400067 4.85600011] 
[6.87264267 6.19986627] 
[4.63989613 3.18239094] 
[5.55900011 6.27200023] 
[3.62299973 4.15800023] 
[2.91100001 3.8510005 ] 
[4.68399989 2.32700055] 
[3.29899962 5.05599979] 
[6.78800023 6.84399983] 
[2.3769993  4.11500045] 
[4.83399973 4.07199906] 
[2.81574908 3.02134673] 
[5.76600039 3.57199988] 
[5.7245 4.2095] 
[2.75699999 2.40300049] 
[2.44900028 3.71599981] 
[6.08100002 5.7760013 ] 
62 
[2.5436973 2.2612075] 
[5.71158458 4.30812537] 
[6.22999978 5.08200085] 
[4.21800197 3.81400086] 
[5.60842336 2.36081408] 
[3.11857509 4.34748545] 
[5.55900011 6.27200023] 
[7.10931821 6.48704059] 
[7.00699964 3.59800026] 
[4.07399989 2.18499996] 
[4.25100007 4.93899972] 
[2.81574908 3.02134673] 
[7.10599967 4.66199997] 
[6.84290291 2.16831691] 
[5.07409208 3.13734488] 
[6.33495322 4.20395046] 
[5.15331123 3.78628587] 
[2.51899989 4.99299989] 
[6.08100063 5.77599975] 
[3.61599999 4.26199908] 
[5.09716543 5.05032106] 
[4.11116684 2.57390627] 
[4.50240477 3.09668912] 
[6.71400029 5.42300058] 
[2.37525072 4.19925551] 
[6.23897522 2.92395725] 
[4.732     4.9139997] 
[2.44900027 3.71599998] 
[5.03684638 4.34123129] 
[3.20499723 2.51499614] 
[3.29900177 5.05599961] 
[4.74799949 6.63700045] 
[7.34299997 3.02099979] 
[7.19511305 5.1793377 ] 
[3.55382773 3.72843552] 
[5.08600729 5.70248924] 
[5.76600039 3.57199988] 
[6.87264267 6.19986627] 
[5.74410536 6.70902969] 
[6.78800023 6.84399983] 
[6.64299997 3.04199976] 
[5.31242433 2.54264472] 
[3.5879997  2.83199999] 
[5.87401094 4.85906906] 
[6.57500464 4.99599685] 
[4.68399989 2.32700055] 
[2.5956591  3.36265998] 
[4.0698188  4.67513926] 
[2.3494505  2.84876633] 
[4.69999456 4.43899452] 
[2.911      3.85100044] 
[6.06000034 4.65899979] 
[5.85199918 5.95399921] 
[2.73300157 4.52000019] 
[5.38599977 3.27899982] 
[5.37499978 4.6370008 ] 
[6.82499945 4.19799982] 
[5.17900179 3.97500244] 
[6.3331267  6.26475035] 
[4.103  4.2685] 
[2.75699999 2.40300049] 
[6.38499997 3.70800012] 
63 
[3.61599999 4.26199908] 
[5.87400125 4.85599658] 
[5.76600019 3.57199963] 
[5.55900011 6.27200023] 
[2.3494505  2.84876633] 
[4.11116684 2.57390627] 
[7.06742244 6.51161723] 
[4.73199992 4.91399979] 
[7.34299997 3.02099979] 
[7.19511305 5.1793377 ] 
[2.73300157 4.52000019] 
[5.13364232 3.78981108] 
[5.31242433 2.54264472] 
[6.46599968 3.34300017] 
[2.44900028 3.71599981] 
[6.84290291 2.16831691] 
[5.28499929 4.55400022] 
[2.68500012 2.95600033] 
[6.3331267  6.26475035] 
[5.08600729 5.70248924] 
[6.08100063 5.77599975] 
[6.82499945 4.19799982] 
[4.13733132 4.96581924] 
[4.67800062 3.16299637] 
[4.21800035 3.81399984] 
[4.74799949 6.63700045] 
[2.5956591  3.36265998] 
[2.911      3.85100044] 
[3.55382773 3.72843552] 
[4.07399989 2.18499996] 
[2.3769993  4.11500045] 
[5.60842336 2.36081408] 
[6.9540089  4.64700881] 
[6.57500464 4.99599685] 
[2.75699974 2.40299995] 
[2.51899989 4.99299989] 
[3.11857509 4.34748545] 
[6.33495322 4.20395046] 
[5.85199918 5.95399921] 
[7.00699964 3.59800026] 
[3.20499723 2.51499614] 
[5.34674457 3.83884418] 
[4.68399989 2.32700055] 
[6.71400029 5.42300058] 
[3.29900032 5.05599974] 
[5.20661251 3.15437171] 
[2.44138642 2.3133257 ] 
[3.5879997  2.83199999] 
[5.09716543 5.05032106] 
[4.103  4.2685] 
[6.23897522 2.92395725] 
[6.87264267 6.19986627] 
[7.23961881 4.68872672] 
[6.22999978 5.08200085] 
[4.6999982 4.4183927] 
[2.34800085 4.35000005] 
[5.74410536 6.70902969] 
[6.6429996  3.04199946] 
[4.26099978 4.58399969] 
[5.11669789 4.20070379] 
[4.49800009 3.3560003 ] 
[6.38499997 3.70800012] 
[2.88199988 3.15299893] 
64 
[4.48999982 3.06399977] 
[6.71400029 5.42300058] 
[2.53528282 3.50228607] 
[5.17700002 4.88900006] 
[6.23897522 2.92395725] 
[5.08600729 5.70248924] 
[3.29900223 5.0559933 ] 
[6.33495322 4.20395046] 
[7.10931821 6.48704059] 
[3.20499532 2.51499262] 
[4.84714647 3.90972648] 
[5.31242433 2.54264472] 
[4.26099934 4.58399992] 
[3.11857509 4.34748545] 
[7.00699964 3.59800026] 
[6.28000005 6.13099991] 
[6.84290291 2.16831691] 
[5.23899965 3.15899978] 
[6.57500064 4.99599949] 
[4.07399989 2.18499996] 
[2.34800085 4.35000005] 
[3.61700036 3.78399981] 
[7.10599967 4.66199997] 
[5.87399994 4.85599936] 
[2.43200338 2.44800225] 
[5.74410536 6.70902969] 
[2.7746976  2.97415551] 
[5.10175268 4.34403242] 
[6.82499945 4.19799982] 
[4.74799949 6.63700045] 
[5.71399953 4.02699998] 
[3.5879997  2.83199999] 
[2.51899989 4.99299989] 
[2.91100001 3.8510005 ] 
[7.34299997 3.02099979] 
[4.73199966 4.91399967] 
[5.16788633 3.83028194] 
[5.64299909 2.15699993] 
[6.78799923 6.84399767] 
[4.11116684 2.57390627] 
[7.19511305 5.1793377 ] 
[4.68399989 2.32700055] 
[4.21800197 3.81400086] 
[6.46599855 3.34300312] 
[5.85199918 5.95399921] 
[4.95500057 5.19499975] 
[2.3494505  2.84876633] 
[6.22999856 5.08199996] 
[4.69999456 4.43899452] 
[3.61599999 4.26199908] 
[4.103  4.2685] 
[6.08100063 5.77599975] 
[5.55900011 6.27200023] 
[2.64677908 2.27310936] 
[2.73300008 4.52000002] 
[5.375      4.63700022] 
[4.67800019 3.16300013] 
[2.3769993  4.11500045] 
[3.32900037 3.68999988] 
[5.70299987 2.41700006] 
[4.15193143 4.97051701] 
[6.6429996  3.04199946] 
[6.87264267 6.19986627] 
[5.76600039 3.57199988] 
65 
[4.73792529 4.1768403 ] 
[2.53528282 3.50228607] 
[5.55900011 6.27200023] 
[6.48799961 4.22100014] 
[6.6429996  3.04199946] 
[4.85700045 3.27799991] 
[3.29900177 5.05599961] 
[7.10931821 6.48704059] 
[2.7746976  2.97415551] 
[4.11116684 2.57390627] 
[6.71400086 5.42300082] 
[5.60842336 2.36081408] 
[4.04800183 4.62199918] 
[5.28499987 4.5540001 ] 
[2.34800085 4.35000005] 
[7.35400018 4.68399978] 
[3.61700036 3.78399981] 
[5.08600729 5.70248924] 
[5.76600039 3.57199988] 
[6.84290291 2.16831691] 
[6.08100063 5.77599975] 
[3.14799986 4.78200011] 
[5.87400067 4.85600011] 
[5.74410536 6.70902969] 
[4.95500017 5.19499945] 
[2.75699974 2.40299995] 
[5.16658329 3.78567104] 
[2.51899989 4.99299989] 
[4.74799949 6.63700045] 
[7.34299997 3.02099979] 
[2.91100001 3.8510005 ] 
[4.2713847  3.91972085] 
[3.20499723 2.51499614] 
[4.51746234 3.10312196] 
[6.78799923 6.84399767] 
[5.15139674 3.02543123] 
[6.57500464 4.99599685] 
[4.68399989 2.32700055] 
[7.00699964 3.59800026] 
[6.46599855 3.34300312] 
[5.31242433 2.54264472] 
[5.17900179 3.97500244] 
[3.11857509 4.34748545] 
[7.21621508 5.17420729] 
[6.23897522 2.92395725] 
[2.44138642 2.3133257 ] 
[4.73199954 4.91399978] 
[2.3494505  2.84876633] 
[6.28000005 6.13099991] 
[4.07399989 2.18499996] 
[5.03290564 4.3658585 ] 
[3.61599999 4.26199908] 
[6.22999997 5.08199999] 
[5.38599977 3.27899982] 
[5.84715266 4.29992374] 
[5.17700001 4.88899964] 
[6.87264267 6.19986627] 
[4.25100007 4.93899972] 
[3.32900037 3.68999988] 
[5.85199918 5.95399921] 
[7.10599872 4.66199991] 
[3.5879997  2.83199999] 
[2.3769993  4.11500045] 
[4.13400064 3.25499953] 
[2.73300008 4.52000002] 
66 
[4.0698188  4.67513926] 
[6.33495322 4.20395046] 
[2.61349732 3.3314787 ] 
[6.28000005 6.13099991] 
[5.60842336 2.36081408] 
[5.16658329 3.78567104] 
[4.11116684 2.57390627] 
[2.73300008 4.52000002] 
[5.80400059 5.02699989] 
[6.84290291 2.16831691] 
[6.71400086 5.42300082] 
[4.95500017 5.19499945] 
[5.55900011 6.27200023] 
[2.43200338 2.44800225] 
[3.61700036 3.78399981] 
[7.10931821 6.48704059] 
[6.6429996  3.04199946] 
[7.35400018 4.68399978] 
[5.03684638 4.34123129] 
[5.20661251 3.15437171] 
[4.31929239 3.85432149] 
[3.20499723 2.51499614] 
[2.36554529 4.14208728] 
[5.76600039 3.57199988] 
[4.68399989 2.32700055] 
[4.74799949 6.63700045] 
[3.29900223 5.0559933 ] 
[4.48999982 3.06399977] 
[5.85199918 5.95399921] 
[5.49499972 2.72499951] 
[4.25100007 4.93899972] 
[2.91100001 3.8510005 ] 
[5.74410536 6.70902969] 
[7.34299997 3.02099979] 
[5.375      4.63700022] 
[6.57500464 4.99599685] 
[5.08600729 5.70248924] 
[2.70071052 2.94169048] 
[7.21621508 5.17420729] 
[7.00699964 3.59800026] 
[6.46599855 3.34300312] 
[5.92205052 4.68488521] 
[3.11857509 4.34748545] 
[6.08100063 5.77599975] 
[4.732     4.9139997] 
[2.3494505  2.84876633] 
[5.16300122 2.53700148] 
[2.51899989 4.99299989] 
[3.5879997  2.83199999] 
[6.22999978 5.08200085] 
[6.23897522 2.92395725] 
[4.69999456 4.43899452] 
[6.87264267 6.19986627] 
[2.64677908 2.27310936] 
[3.61599999 4.26199908] 
[6.82499945 4.19799982] 
[5.17700001 4.88900015] 
[5.17900179 3.97500244] 
[4.07399989 2.18499996] 
[5.71399953 4.02699998] 
[2.44900028 3.71599981] 
[3.32900037 3.68999988] 
[4.70170596 3.22221327] 
[6.78799923 6.84399767] 
[4.103  4.2685] 
[7.10599872 4.66199991] 
67 
[2.911      3.85100044] 
[5.18797257 4.03425012] 
[6.51000035 6.494     ] 
[6.6429996  3.04199946] 
[4.68399989 2.32700055] 
[6.57500464 4.99599685] 
[2.3494505  2.84876633] 
[4.15758948 4.97406461] 
[4.81806922 4.9980218 ] 
[5.04100011 5.96399982] 
[5.23899965 3.15899978] 
[4.21800197 3.81400086] 
[3.55382773 3.72843552] 
[3.20499723 2.51499614] 
[2.51899989 4.99299989] 
[6.48800031 4.2210001 ] 
[5.60842336 2.36081408] 
[5.80400059 5.02699989] 
[7.19511305 5.1793377 ] 
[4.74799949 6.63700045] 
[6.84290291 2.16831691] 
[5.55900011 6.27200023] 
[7.10931821 6.48704059] 
[2.44900028 3.71599981] 
[5.85199918 5.95399921] 
[4.49000033 3.06399991] 
[2.44138642 2.3133257 ] 
[5.375      4.63700022] 
[4.69999456 4.43899452] 
[7.34299997 3.02099979] 
[3.11857509 4.34748545] 
[2.34800085 4.35000005] 
[4.11116684 2.57390627] 
[5.27448121 3.75836429] 
[5.31242433 2.54264472] 
[7.10599967 4.66199997] 
[6.38499997 3.70800012] 
[6.08100063 5.77599975] 
[7.00699964 3.59800026] 
[5.74410536 6.70902969] 
[3.29900177 5.05599961] 
[6.21500006 4.29299905] 
[4.26099934 4.58399992] 
[2.81574908 3.02134673] 
[6.71400029 5.42300058] 
[4.103  4.2685] 
[3.5879997  2.83199999] 
[5.07669654 4.36561029] 
[3.61599999 4.26199908] 
[4.07399989 2.18499996] 
[2.75700023 2.40299977] 
[5.92200468 4.68499819] 
[6.23897522 2.92395725] 
[4.84714647 3.90972648] 
[5.7245 4.2095] 
[2.73300157 4.52000019] 
[2.3769993  4.11500045] 
[6.87264267 6.19986627] 
[4.67800019 3.16300013] 
[6.78800023 6.84399983] 
[6.22999978 5.08200085] 
[2.5956591  3.36265998] 
[6.46599968 3.34300017] 
[6.28000005 6.13099991] 
[5.07700083 5.68200031] 
[5.17700001 4.88900015] 
[4.13400064 3.25499953] 
68 
[5.04634376 4.392491  ] 
[2.81574908 3.02134673] 
[5.85199918 5.95399921] 
[5.16658329 3.78567104] 
[7.00699964 3.59800026] 
[6.71400029 5.42300058] 
[3.12077362 4.45505133] 
[5.60842336 2.36081408] 
[4.07399989 2.18499996] 
[6.78800023 6.84399983] 
[4.26099978 4.58399969] 
[6.07199974 4.34899982] 
[2.34800085 4.35000005] 
[5.55900011 6.27200023] 
[6.84290291 2.16831691] 
[6.81297453 6.23337669] 
[7.10599872 4.66199991] 
[4.21800197 3.81400086] 
[4.48999897 3.06399849] 
[2.44138642 2.3133257 ] 
[6.6429996  3.04199946] 
[6.22999978 5.08200085] 
[2.58021484 3.39645094] 
[5.15139674 3.02543123] 
[4.81806922 4.9980218 ] 
[2.5189999  4.99299995] 
[4.74799949 6.63700045] 
[2.91100001 3.8510005 ] 
[3.61700036 3.78399981] 
[5.76599994 3.57200036] 
[2.75700023 2.40299977] 
[7.19511305 5.1793377 ] 
[7.10931821 6.48704059] 
[2.3494505  2.84876633] 
[5.74410536 6.70902969] 
[7.34299997 3.02099979] 
[6.08100063 5.77599975] 
[5.07700083 5.68200031] 
[6.46599855 3.34300312] 
[3.5879997  2.83199999] 
[3.95799964 4.86700026] 
[4.68399989 2.32700055] 
[4.83399973 4.07199906] 
[5.87401094 4.85906906] 
[3.29899962 5.05599979] 
[5.31242433 2.54264472] 
[4.70170596 3.22221327] 
[6.48799996 4.22099944] 
[6.28000005 6.13099991] 
[5.17700001 4.88900015] 
[2.73300008 4.52000002] 
[5.375      4.63700022] 
[4.10502912 2.56880438] 
[5.17900179 3.97500244] 
[6.23897522 2.92395725] 
[6.57500064 4.99599949] 
[7.35400018 4.68399978] 
[3.53123921 4.20588371] 
[5.38599977 3.27899982] 
[4.103  4.2685] 
[3.32900037 3.68999988] 
[4.67799997 4.2790007 ] 
[2.37699482 4.11498983] 
[4.25100007 4.93899972] 
[5.04100011 5.96399982] 
[4.13400064 3.25499953] 
[2.3399999  4.88100039] 
[3.20499723 2.51499614] 
69 
[5.74410536 6.70902969] 
[3.5879997  2.83199999] 
[6.07200037 4.34899988] 
[4.15193143 4.97051701] 
[5.38599977 3.27899982] 
[2.34800085 4.35000005] 
[2.7746976  2.97415551] 
[6.6429996  3.04199946] 
[6.87264267 6.19986627] 
[5.17900179 3.97500244] 
[5.17700002 4.88900006] 
[3.11857509 4.34748545] 
[6.57500162 4.99600029] 
[5.31242433 2.54264472] 
[4.49799962 3.35599986] 
[5.55900011 6.27200023] 
[6.08100063 5.77599975] 
[2.75699974 2.40299995] 
[6.84290291 2.16831691] 
[3.29900177 5.05599961] 
[2.5956591  3.36265998] 
[2.51899989 4.99299989] 
[5.87401094 4.85906906] 
[4.10502912 2.56880438] 
[5.60842336 2.36081408] 
[4.103  4.2685] 
[4.74799949 6.63700045] 
[6.48799949 4.22099969] 
[2.3494505  2.84876633] 
[6.71400086 5.42300082] 
[7.34299997 3.02099979] 
[6.78800023 6.84399983] 
[3.55382773 3.72843552] 
[7.35400018 4.68399978] 
[5.12366622 4.4191471 ] 
[7.00699964 3.59800026] 
[2.73300157 4.52000019] 
[2.44138642 2.3133257 ] 
[4.95500041 5.19499954] 
[6.46599855 3.34300312] 
[7.10931821 6.48704059] 
[4.07399989 2.18499996] 
[6.23897522 2.92395725] 
[4.26099978 4.58399969] 
[5.08600729 5.70248924] 
[2.911      3.85100044] 
[4.68399989 2.32700055] 
[6.3331267  6.26475035] 
[5.85199918 5.95399921] 
[6.82499945 4.19799982] 
[4.6999982 4.4183927] 
[5.76600039 3.57199988] 
[5.71158458 4.30812537] 
[4.73199992 4.91399979] 
[5.16658329 3.78567104] 
[6.53499998 4.79799998] 
[3.61599999 4.26199908] 
[7.21621508 5.17420729] 
[4.48999897 3.06399849] 
[7.10599872 4.66199991] 
[5.3749999  4.63700017] 
[6.22999978 5.08200085] 
[4.83399973 4.07199906] 
[5.15753677 3.09147046] 
[2.44900028 3.71599981] 
[4.21800197 3.81400086] 
[4.76051473 3.17060235] 
[2.3769993  4.11500045] 
[3.20499723 2.51499614] 
70 
[6.23897522 2.92395725] 
[4.21800197 3.81400086] 
[6.71400029 5.42300058] 
[2.37699482 4.11498983] 
[4.95500041 5.19499954] 
[4.07399989 2.18499996] 
[6.07200037 4.34899988] 
[2.75699999 2.40300049] 
[5.55900011 6.27200023] 
[2.51899989 4.99299989] 
[7.13625856 6.46829266] 
[5.17899832 2.99899832] 
[5.07669654 4.36561029] 
[3.53123921 4.20588371] 
[7.10599967 4.66199997] 
[5.60842336 2.36081408] 
[7.00699964 3.59800026] 
[2.58021484 3.39645094] 
[6.84290291 2.16831691] 
[4.26099934 4.58399992] 
[6.2688085  6.07403786] 
[5.16658329 3.78567104] 
[2.911      3.85100044] 
[4.10502912 2.56880438] 
[5.80400059 5.02699989] 
[4.70170596 3.22221327] 
[4.74799949 6.63700045] 
[3.12077362 4.45505133] 
[7.19511305 5.1793377 ] 
[7.34299997 3.02099979] 
[6.46599855 3.34300312] 
[3.55382773 3.72843552] 
[6.57500464 4.99599685] 
[5.85199918 5.95399921] 
[5.17700002 4.88900006] 
[2.5436973 2.2612075] 
[6.82499945 4.19799982] 
[4.73199992 4.91399979] 
[3.5879997  2.83199999] 
[5.74410536 6.70902969] 
[4.68399989 2.32700055] 
[5.07700083 5.68200031] 
[2.34800085 4.35000005] 
[5.18382997 2.54273886] 
[2.3494505  2.84876633] 
[3.29900032 5.05599974] 
[4.69999456 4.43899452] 
[2.73300157 4.52000019] 
[6.6429996  3.04199946] 
[5.7245 4.2095] 
[5.17900179 3.97500244] 
[6.22399944 5.59300062] 
[5.92200468 4.68499819] 
[2.81574908 3.02134673] 
[4.15193143 4.97051701] 
[5.33386215 3.26011255] 
[4.48999897 3.06399849] 
[6.48799949 4.22099969] 
[6.81297453 6.23337669] 
[4.83399973 4.07199906] 
[5.375      4.63700022] 
[3.20499723 2.51499614] 
[4.103  4.2685] 
[6.22999978 5.08200085] 
[7.01299694 6.64600207] 
[5.49499907 2.72499973] 
[4.13400064 3.25499953] 
[5.76600039 3.57199988] 
[3.65100064 4.98599953] 
[5.04100011 5.96399982] 
71 
[2.58587804 2.30315575] 
[6.22399944 5.59300062] 
[5.1619999  3.64399999] 
[2.91100001 3.8510005 ] 
[6.6429996  3.04199946] 
[4.73199992 4.91399979] 
[4.07399989 2.18499996] 
[4.83600004 2.82000032] 
[6.82499945 4.19799982] 
[7.10931821 6.48704059] 
[4.103  4.2685] 
[5.55900011 6.27200023] 
[2.73300008 4.52000002] 
[6.57500464 4.99599685] 
[5.73499974 4.39200046] 
[2.5956591  3.36265998] 
[6.84290291 2.16831691] 
[5.70299987 2.41700006] 
[7.21621508 5.17420729] 
[2.36554529 4.14208728] 
[6.2688085  6.07403786] 
[4.74799949 6.63700045] 
[4.15193143 4.97051701] 
[7.00699964 3.59800026] 
[6.02797053 4.6132666 ] 
[3.55382773 3.72843552] 
[4.49800009 3.3560003 ] 
[4.83399973 4.07199906] 
[5.74410536 6.70902969] 
[4.11116684 2.57390627] 
[7.34299997 3.02099979] 
[2.68500007 2.95600014] 
[5.08600729 5.70248924] 
[6.46599855 3.34300312] 
[5.31242433 2.54264472] 
[7.10599967 4.66199997] 
[5.20661251 3.15437171] 
[5.85199918 5.95399921] 
[4.21800035 3.81399984] 
[5.10175268 4.34403242] 
[3.61599999 4.26199908] 
[5.09716543 5.05032106] 
[6.71400086 5.42300082] 
[3.5879997  2.83199999] 
[3.11857509 4.34748545] 
[3.20499723 2.51499614] 
[4.69999456 4.43899452] 
[2.51899989 4.99299989] 
[3.29899962 5.05599979] 
[6.22999978 5.08200085] 
[2.44900028 3.71599981] 
[5.80400059 5.02699989] 
[2.3494505  2.84876633] 
[4.68399989 2.32700055] 
[6.37743467 4.16735171] 
[5.76600039 3.57199988] 
[5.18520731 3.90103647] 
[6.23897522 2.92395725] 
[4.26099934 4.58399992] 
[5.37499978 4.6370008 ] 
[5.64299909 2.15699993] 
[3.05300283 3.59200278] 
[3.65100064 4.98599953] 
[5.71399953 4.02699998] 
[6.51000035 6.494     ] 
[6.78800023 6.84399983] 
[4.85699983 3.27799997] 
[4.49000033 3.06399991] 
[6.87264267 6.19986627] 
[2.88199988 3.15299893] 
[5.61500021 3.1240003 ] 
72 
[4.83399973 4.07199906] 
[5.85199918 5.95399921] 
[2.51899989 4.99299989] 
[3.20499532 2.51499262] 
[7.35400018 4.68399978] 
[6.71400029 5.42300058] 
[6.84290291 2.16831691] 
[4.81806922 4.9980218 ] 
[5.38599977 3.27899982] 
[3.28700022 4.17900031] 
[6.48799949 4.22099969] 
[2.37699482 4.11498983] 
[4.11116684 2.57390627] 
[5.60842336 2.36081408] 
[6.78800023 6.84399983] 
[4.26099934 4.58399992] 
[2.3494505  2.84876633] 
[5.80400059 5.02699989] 
[5.24847485 4.19663131] 
[7.00699964 3.59800026] 
[5.74410536 6.70902969] 
[6.87264267 6.19986627] 
[2.58587804 2.30315575] 
[4.74799949 6.63700045] 
[4.48999982 3.06399977] 
[6.22999978 5.08200085] 
[6.08100002 5.7760013 ] 
[6.6429996  3.04199946] 
[2.58021484 3.39645094] 
[7.34299997 3.02099979] 
[2.911      3.85100044] 
[5.08600729 5.70248924] 
[5.16300051 3.82800038] 
[7.00099971 5.39599971] 
[4.6279999  4.41599948] 
[4.07399989 2.18499996] 
[2.94000034 4.72899996] 
[6.46599855 3.34300312] 
[5.16299951 2.53699992] 
[4.21800197 3.81400086] 
[6.57500064 4.99599949] 
[3.55382773 3.72843552] 
[5.76599994 3.57200036] 
[2.7746976  2.97415551] 
[5.55900011 6.27200023] 
[3.95799964 4.86700026] 
[4.68399989 2.32700055] 
[6.23897522 2.92395725] 
[6.82499945 4.19799982] 
[5.92200068 4.68500004] 
[3.5879997  2.83199999] 
[5.37499978 4.6370008 ] 
[7.21621508 5.17420729] 
[4.70170596 3.22221327] 
[5.03417128 4.45704107] 
[6.28000005 6.13099991] 
[3.12077362 4.45505133] 
[4.103  4.2685] 
[3.29900032 5.05599974] 
[2.49999964 4.36600043] 
[7.10931821 6.48704059] 
[6.51000035 6.494     ] 
[6.07200037 4.34899988] 
[7.10599872 4.66199991] 
[5.15753677 3.09147046] 
[5.37899893 2.56900052] 
[4.83600004 2.82000032] 
[5.17700001 4.88900015] 
[4.25100007 4.93899972] 
[5.73499953 4.39199998] 
[6.22400023 5.59299983] 
[3.61599999 4.26199908] 
73 
[5.07700083 5.68200031] 
[4.11116684 2.57390627] 
[2.911      3.85100044] 
[6.23897522 2.92395725] 
[7.19511305 5.1793377 ] 
[5.03290564 4.3658585 ] 
[7.10931821 6.48704059] 
[2.75700023 2.40299977] 
[6.22999978 5.08200085] 
[4.103  4.2685] 
[5.10699949 3.188     ] 
[5.55900011 6.27200023] 
[2.51899989 4.99299989] 
[6.48800031 4.2210001 ] 
[4.15193143 4.97051701] 
[6.84290291 2.16831691] 
[5.60842336 2.36081408] 
[2.44900028 3.71599981] 
[6.08100063 5.77599975] 
[5.76600039 3.57199988] 
[2.73300008 4.52000002] 
[4.84714647 3.90972648] 
[3.55382773 3.72843552] 
[6.51000035 6.494     ] 
[7.34299997 3.02099979] 
[4.74799949 6.63700045] 
[2.3494505  2.84876633] 
[5.18797257 4.03425012] 
[4.49799962 3.35599986] 
[6.21500006 4.29299905] 
[5.17700002 4.88900006] 
[2.36554529 4.14208728] 
[3.11800037 4.51199933] 
[5.73499953 4.39199998] 
[7.10599872 4.66199991] 
[6.46599968 3.34300017] 
[4.73199992 4.91399979] 
[6.71400029 5.42300058] 
[5.74410536 6.70902969] 
[5.92200468 4.68499819] 
[5.31242433 2.54264472] 
[2.35300047 2.20800024] 
[4.68399989 2.32700055] 
[7.00699964 3.59800026] 
[3.29900223 5.0559933 ] 
[2.81574908 3.02134673] 
[5.80400059 5.02699989] 
[3.5879997  2.83199999] 
[4.21800197 3.81400086] 
[6.28000005 6.13099991] 
[6.87264267 6.19986627] 
[4.07399989 2.18499996] 
[3.61599999 4.26199908] 
[4.67799997 4.2790007 ] 
[4.49000088 3.06400055] 
[5.38599977 3.27899982] 
[6.57500464 4.99599685] 
[6.78800023 6.84399983] 
[7.35400018 4.68399978] 
[5.19265506 3.8046944 ] 
[6.6429996  3.04199946] 
[4.26099978 4.58399969] 
[6.38499997 3.70800012] 
[5.04100011 5.96399982] 
[2.43200338 2.44800225] 
[4.95500041 5.19499954] 
[5.30092082 4.56850034] 
[2.5956591  3.36265998] 
[3.20499723 2.51499614] 
[3.1460731  4.25021926] 
[5.71399953 4.02699998] 
[5.85199918 5.95399921] 
[4.83600004 2.82000032] 
74 
[2.7388969  2.32544567] 
[5.22199922 4.10399972] 
[7.10931821 6.48704059] 
[2.73300008 4.52000002] 
[7.00699964 3.59800026] 
[4.83600004 2.82000032] 
[6.82499945 4.19799982] 
[5.07700083 5.68200031] 
[2.44900028 3.71599981] 
[7.19511305 5.1793377 ] 
[4.26100059 4.58400015] 
[6.22999978 5.08200085] 
[3.61599999 4.26199908] 
[4.10502912 2.56880438] 
[5.60842336 2.36081408] 
[5.74410536 6.70902969] 
[6.84290291 2.16831691] 
[2.43252178 2.44136715] 
[5.15753677 3.09147046] 
[6.08100063 5.77599975] 
[5.1755904  3.80788236] 
[4.49799976 3.35599964] 
[4.74799949 6.63700045] 
[2.81574908 3.02134673] 
[5.37499978 4.6370008 ] 
[4.15193143 4.97051701] 
[6.23897522 2.92395725] 
[5.87400067 4.85600011] 
[7.34299997 3.02099979] 
[4.21800197 3.81400086] 
[2.91100067 3.85100533] 
[6.57500162 4.99600029] 
[3.29900177 5.05599961] 
[5.17700001 4.88900015] 
[5.55900011 6.27200023] 
[3.72099926 3.84199931] 
[2.51899989 4.99299989] 
[5.31242433 2.54264472] 
[2.36554529 4.14208728] 
[5.76600039 3.57199988] 
[3.5879997  2.83199999] 
[7.35400018 4.68399978] 
[4.07399989 2.18499996] 
[6.28000005 6.13099991] 
[6.46599855 3.34300312] 
[6.71400029 5.42300058] 
[5.38599977 3.27899982] 
[4.78131908 4.9804353 ] 
[4.83399973 4.07199906] 
[4.04200065 4.3359998 ] 
[6.0719997 4.3490001] 
[2.5956591  3.36265998] 
[3.28700022 4.17900031] 
[2.3494505  2.84876633] 
[4.68399989 2.32700055] 
[3.11800035 4.5119984 ] 
[6.78800023 6.84399983] 
[5.85199918 5.95399921] 
[5.04634376 4.392491  ] 
[3.05300283 3.59200278] 
[6.6429996  3.04199946] 
[6.81297453 6.23337669] 
[5.71399953 4.02699998] 
[2.73600032 2.71599961] 
[3.20499723 2.51499614] 
[4.85699983 3.27799997] 
[3.55199784 3.7249991 ] 
[6.48799949 4.22099969] 
[5.04100011 5.96399982] 
[4.67799997 4.2790007 ] 
[4.13400064 3.25499953] 
[6.53499977 4.79799959] 
[7.10599872 4.66199991] 
[4.48999897 3.06399849] 
75 
[2.75699974 2.40299995] 
[5.0482285  4.33446069] 
[6.22999978 5.08200085] 
[5.15139674 3.02543123] 
[3.11857509 4.34748545] 
[7.34299997 3.02099979] 
[5.55900011 6.27200023] 
[6.71400029 5.42300058] 
[4.10502912 2.56880438] 
[2.53528282 3.50228607] 
[7.35400018 4.68399978] 
[6.46599968 3.34300017] 
[4.25100007 4.93899972] 
[6.51000035 6.494     ] 
[6.33495322 4.20395046] 
[4.40000565 3.97000558] 
[2.36554529 4.14208728] 
[5.07700083 5.68200031] 
[2.3399999  4.88100039] 
[3.61599999 4.26199908] 
[5.31242433 2.54264472] 
[7.10931821 6.48704059] 
[6.84290291 2.16831691] 
[5.19459916 3.86565013] 
[6.08100063 5.77599975] 
[4.74799949 6.63700045] 
[4.49799976 3.35599964] 
[7.10599872 4.66199991] 
[6.23897522 2.92395725] 
[5.45499964 4.88199964] 
[3.61700036 3.78399981] 
[2.44138642 2.3133257 ] 
[7.19511305 5.1793377 ] 
[4.95500017 5.19499945] 
[2.73300157 4.52000019] 
[7.00699964 3.59800026] 
[2.7746976  2.97415551] 
[5.60842336 2.36081408] 
[5.92200068 4.68500004] 
[4.68399989 2.32700055] 
[5.74410536 6.70902969] 
[3.9579997  4.86699926] 
[6.57500064 4.99599949] 
[4.07399989 2.18499996] 
[5.38599977 3.27899982] 
[3.5879997  2.83199999] 
[6.28000005 6.13099991] 
[2.91100001 3.8510005 ] 
[4.732     4.9139997] 
[3.29900177 5.05599961] 
[2.3494505  2.84876633] 
[6.82499945 4.19799982] 
[4.26100059 4.58400015] 
[5.28499987 4.5540001 ] 
[5.85199918 5.95399921] 
[4.48999897 3.06399849] 
[5.76600039 3.57199988] 
[3.20499723 2.51499614] 
[5.71399953 4.02699998] 
[6.6429996  3.04199946] 
[4.21800002 3.81399944] 
[3.32900037 3.68999988] 
[4.13400064 3.25499953] 
[5.17700001 4.88900015] 
[6.38499997 3.70800012] 
[5.80400059 5.02699989] 
[4.6999982 4.4183927] 
[6.78800023 6.84399983] 
[2.5189999  4.99299995] 
[5.02500124 3.72499922] 
[6.87264267 6.19986627] 
[4.85699983 3.27799997] 
[5.04100011 5.96399982] 
[4.103  4.2685] 
[5.73499953 4.39199998] 
76 
[4.49000088 3.06400055] 
[5.85199918 5.95399921] 
[3.11800037 4.51199933] 
[6.48799949 4.22099969] 
[2.43200338 2.44800225] 
[5.24847485 4.19663131] 
[5.60842336 2.36081408] 
[6.87264267 6.19986627] 
[6.6429996  3.04199946] 
[7.21621508 5.17420729] 
[4.26100059 4.58400015] 
[4.74799949 6.63700045] 
[2.88199988 3.15299893] 
[4.11116684 2.57390627] 
[6.22999978 5.08200085] 
[5.38599977 3.27899982] 
[5.09716543 5.05032106] 
[2.3769993  4.11500045] 
[3.61700036 3.78399981] 
[5.74410536 6.70902969] 
[5.55900011 6.27200023] 
[4.83399973 4.07199906] 
[6.84290291 2.16831691] 
[2.3399999  4.88100039] 
[5.31242433 2.54264472] 
[6.57500464 4.99599685] 
[6.2688085  6.07403786] 
[4.15193143 4.97051701] 
[3.20499723 2.51499614] 
[4.68399989 2.32700055] 
[5.80400059 5.02699989] 
[5.04100011 5.96399982] 
[5.16300051 3.82800038] 
[7.34299997 3.02099979] 
[3.1460731  4.25021926] 
[2.5956591  3.36265998] 
[6.71400086 5.42300082] 
[4.21800035 3.81399984] 
[5.92200468 4.68499819] 
[7.00699964 3.59800026] 
[5.20311711 4.48508569] 
[7.10599967 4.66199997] 
[3.29900032 5.05599974] 
[7.10931821 6.48704059] 
[3.5879997  2.83199999] 
[2.3494505  2.84876633] 
[6.23897522 2.92395725] 
[2.7329996  4.52000005] 
[5.76600039 3.57199988] 
[4.04799995 4.62200006] 
[6.82499945 4.19799982] 
[4.73199992 4.91399979] 
[4.6999982 4.4183927] 
[6.46599855 3.34300312] 
[2.64677908 2.27310936] 
[4.07399989 2.18499996] 
[5.10699949 3.188     ] 
[6.78800023 6.84399983] 
[6.22399944 5.59300062] 
[5.71399953 4.02699998] 
[3.32900037 3.68999988] 
[2.68500007 2.95600014] 
[4.83600004 2.82000032] 
[2.94000034 4.72899996] 
[3.61599999 4.26199908] 
[3.65100064 4.98599953] 
[6.0719997 4.3490001] 
[5.07700083 5.68200031] 
[5.45499964 4.88199964] 
[4.103  4.2685] 
[6.51000035 6.494     ] 
[2.5189999  4.99299995] 
[2.34800085 4.35000005] 
[2.44900028 3.71599981] 
[2.91100001 3.8510005 ] 
[4.49800009 3.3560003 ] 
77 
[2.50099975 3.22500012] 
[5.28499984 4.55400075] 
[6.3331267  6.26475035] 
[5.38599977 3.27899982] 
[7.10599967 4.66199997] 
[3.29899962 5.05599979] 
[4.05900029 2.5340013 ] 
[6.84290291 2.16831691] 
[4.21800197 3.81400086] 
[5.04100011 5.96399982] 
[6.22999978 5.08200085] 
[6.46599855 3.34300312] 
[2.75699999 2.40300049] 
[5.49499907 2.72499973] 
[4.25100007 4.93899972] 
[7.10931821 6.48704059] 
[2.36554529 4.14208728] 
[3.61599999 4.26199908] 
[7.00699964 3.59800026] 
[5.12099991 4.29900001] 
[2.51899989 4.99299989] 
[7.00099971 5.39599971] 
[5.74410536 6.70902969] 
[4.83600004 2.82000032] 
[6.07200037 4.34899988] 
[6.23897522 2.92395725] 
[5.09716543 5.05032106] 
[2.43200338 2.44800225] 
[2.91100001 3.8510005 ] 
[4.51746234 3.10312196] 
[4.74799949 6.63700045] 
[5.60842336 2.36081408] 
[5.18070308 3.84304449] 
[7.34299997 3.02099979] 
[4.69999456 4.43899452] 
[3.95799964 4.86700026] 
[6.82499945 4.19799982] 
[6.80200017 5.00399945] 
[4.68399989 2.32700055] 
[3.5879997  2.83199999] 
[3.32900037 3.68999988] 
[6.08100063 5.77599975] 
[5.92200468 4.68499819] 
[5.80400059 5.02699989] 
[3.11800162 4.51199464] 
[4.103  4.2685] 
[2.3494505  2.84876633] 
[5.02500124 3.72499922] 
[2.88199988 3.15299893] 
[5.85199918 5.95399921] 
[5.10699949 3.188     ] 
[6.6429996  3.04199946] 
[5.18382997 2.54273886] 
[5.76600039 3.57199988] 
[4.732     4.9139997] 
[5.07700083 5.68200031] 
[2.73300008 4.52000002] 
[6.71400029 5.42300058] 
[2.5130003 3.5700002] 
[5.71399953 4.02699998] 
[4.07399989 2.18499996] 
[5.55900011 6.27200023] 
[7.21621508 5.17420729] 
[3.20499723 2.51499614] 
[4.13400064 3.25499953] 
[4.09700084 2.73200031] 
[5.73499953 4.39199998] 
[3.61700036 3.78399981] 
[4.26099934 4.58399992] 
[6.48799949 4.22099969] 
[6.87264267 6.19986627] 
[2.68500045 2.95599991] 
[2.56000011 2.24599937] 
[6.78800023 6.84399983] 
[4.83399994 4.07199941] 
[6.57499992 4.9959993 ] 
[3.28700019 4.17900042] 
78 
[3.5879997  2.83199999] 
[6.08100063 5.77599975] 
[6.23897522 2.92395725] 
[5.24847485 4.19663131] 
[2.7329996  4.52000005] 
[7.19511305 5.1793377 ] 
[4.25099979 4.93900013] 
[2.3494505  2.84876633] 
[4.51746234 3.10312196] 
[5.74410536 6.70902969] 
[7.00699964 3.59800026] 
[7.10931821 6.48704059] 
[5.45499964 4.88199964] 
[3.61700036 3.78399981] 
[5.31242433 2.54264472] 
[2.44900028 3.71599981] 
[6.82499945 4.19799982] 
[4.74799949 6.63700045] 
[5.1619999  3.64399999] 
[6.84290291 2.16831691] 
[5.07700083 5.68200031] 
[2.5436973 2.2612075] 
[5.38599977 3.27899982] 
[4.103  4.2685] 
[4.11116684 2.57390627] 
[6.02797053 4.6132666 ] 
[3.11800037 4.51199933] 
[5.85199918 5.95399921] 
[3.9580026  4.86699921] 
[7.34299997 3.02099979] 
[6.57500464 4.99599685] 
[6.46599968 3.34300017] 
[7.35400018 4.68399978] 
[5.70299987 2.41700006] 
[2.51899989 4.99299989] 
[5.0000001  4.47751017] 
[6.87264267 6.19986627] 
[2.91100224 3.85099915] 
[4.81806922 4.9980218 ] 
[4.07399989 2.18499996] 
[6.71400029 5.42300058] 
[2.5956591  3.36265998] 
[2.75699999 2.40300049] 
[4.40100472 3.65400409] 
[4.68399989 2.32700055] 
[2.3769993  4.11500045] 
[6.22999978 5.08200085] 
[5.55900011 6.27200023] 
[3.11429706 4.23962296] 
[3.61599999 4.26199908] 
[5.28499984 4.55400028] 
[7.10599872 4.66199991] 
[3.65100064 4.98599953] 
[6.51000035 6.494     ] 
[4.26100059 4.58400015] 
[5.71399953 4.02699998] 
[5.1637166  3.83588507] 
[3.20499723 2.51499614] 
[5.10699949 3.188     ] 
[6.37743467 4.16735171] 
[2.81574908 3.02134673] 
[5.76600039 3.57199988] 
[4.83600004 2.82000032] 
[5.80400059 5.02699989] 
[6.6429996  3.04199946] 
[4.13400064 3.25499953] 
[5.64299909 2.15699993] 
[6.38499997 3.70800012] 
[2.94000034 4.72899996] 
[6.78800023 6.84399983] 
[3.29900032 5.05599974] 
[2.34800085 4.35000005] 
[5.17700001 4.88900015] 
[5.04100011 5.96399982] 
[5.73499953 4.39199998] 
[6.28000005 6.13099991] 
[4.67800008 4.27899964] 
[4.21800035 3.81399984] 
79 
[5.08600729 5.70248924] 
[3.61700036 3.78399981] 
[5.28675825 3.72835299] 
[6.08100063 5.77599975] 
[7.00699964 3.59800026] 
[3.20499723 2.51499614] 
[2.5956591  3.36265998] 
[5.70299987 2.41700006] 
[2.73300008 4.52000002] 
[5.92200068 4.68500004] 
[5.17700002 4.88900006] 
[4.10502912 2.56880438] 
[7.10931821 6.48704059] 
[7.21621508 5.17420729] 
[5.55900011 6.27200023] 
[3.9579997  4.86699926] 
[6.84290291 2.16831691] 
[5.38599977 3.27899982] 
[6.48799949 4.22099969] 
[6.9540089  4.64700881] 
[4.21800197 3.81400086] 
[4.13400064 3.25499953] 
[2.43200338 2.44800225] 
[6.23897522 2.92395725] 
[4.69999621 4.41018064] 
[4.74799949 6.63700045] 
[3.11857509 4.34748545] 
[2.3769993  4.11500045] 
[5.31242433 2.54264472] 
[3.65100064 4.98599953] 
[2.51899989 4.99299989] 
[4.70170596 3.22221327] 
[7.34299997 3.02099979] 
[6.22999978 5.08200085] 
[4.48700417 5.08200465] 
[5.16197562 3.83120253] 
[6.46599855 3.34300312] 
[3.5879997  2.83199999] 
[2.91100001 3.8510005 ] 
[6.71400086 5.42300082] 
[2.7746976  2.97415551] 
[2.3494505  2.84876633] 
[5.85199918 5.95399921] 
[6.28000005 6.13099991] 
[5.28499987 4.5540001 ] 
[5.7245 4.2095] 
[4.68399989 2.32700055] 
[5.80400059 5.02699989] 
[6.82499945 4.19799982] 
[4.95500041 5.19499954] 
[6.57499969 4.99599906] 
[5.08349003 4.3330913 ] 
[3.29899962 5.05599979] 
[4.07399989 2.18499996] 
[2.75699974 2.40299995] 
[5.76600039 3.57199988] 
[4.103  4.2685] 
[5.74410536 6.70902969] 
[6.6429996  3.04199946] 
[3.61599999 4.26199908] 
[2.34800085 4.35000005] 
[4.732     4.9139997] 
[7.23961881 4.68872672] 
[4.26100059 4.58400015] 
[4.48999897 3.06399849] 
[4.25099809 4.93900108] 
[5.15753677 3.09147046] 
[4.83600004 2.82000032] 
[3.32900037 3.68999988] 
[5.64299909 2.15699993] 
[6.87264267 6.19986627] 
[6.80200017 5.00399945] 
[4.77100002 3.81100004] 
[6.78800023 6.84399983] 
[6.51000035 6.494     ] 
[2.44900028 3.71599981] 
[2.35300047 2.20800024] 
[6.07200037 4.34899988] 
[5.45499964 4.88199964] 
80 
[3.11800162 4.51199464] 
[6.48799996 4.22099944] 
[5.85199918 5.95399921] 
[4.09700084 2.73200031] 
[5.38599977 3.27899982] 
[2.75699999 2.40300049] 
[5.24847485 4.19663131] 
[6.87264267 6.19986627] 
[6.6429996  3.04199946] 
[4.15758948 4.97406461] 
[5.14454052 2.56919483] 
[7.19511305 5.1793377 ] 
[3.32900037 3.68999988] 
[4.74799949 6.63700045] 
[6.3331267  6.26475035] 
[4.21800197 3.81400086] 
[2.5189999  4.99299995] 
[4.81806922 4.9980218 ] 
[5.92200068 4.68500004] 
[2.3769993  4.11500045] 
[2.5956591  3.36265998] 
[6.84290291 2.16831691] 
[5.74410536 6.70902969] 
[7.34299997 3.02099979] 
[4.70170596 3.22221327] 
[5.07700083 5.68200031] 
[3.61599999 4.26199908] 
[5.03417128 4.45704107] 
[5.60842336 2.36081408] 
[3.65100064 4.98599953] 
[5.16300051 3.82800038] 
[5.55900011 6.27200023] 
[4.07399989 2.18499996] 
[7.35400018 4.68399978] 
[5.80400059 5.02699989] 
[6.38499997 3.70800012] 
[6.57500464 4.99599685] 
[4.68399989 2.32700055] 
[2.78899948 2.18500022] 
[7.01299694 6.64600207] 
[2.3494505  2.84876633] 
[6.08100063 5.77599975] 
[2.7329996  4.52000005] 
[4.49000033 3.06399991] 
[3.61700036 3.78399981] 
[3.5879997  2.83199999] 
[7.00699964 3.59800026] 
[6.23897522 2.92395725] 
[4.04200065 4.3359998 ] 
[6.71400029 5.42300058] 
[2.44900028 3.71599981] 
[4.26100059 4.58400015] 
[2.43252178 2.44136715] 
[2.81574908 3.02134673] 
[2.91100067 3.85100533] 
[6.30999971 4.70099971] 
[4.67799997 4.2790007 ] 
[3.20499723 2.51499614] 
[5.76600039 3.57199988] 
[5.45499964 4.88199964] 
[2.34800085 4.35000005] 
[5.73499953 4.39199998] 
[6.22999978 5.08200085] 
[7.10599872 4.66199991] 
[5.15753677 3.09147046] 
[6.07200037 4.34899988] 
[4.83399973 4.07199906] 
[3.29900032 5.05599974] 
[5.04100011 5.96399982] 
[2.94000034 4.72899996] 
[5.33   4.5955] 
[5.37899893 2.56900052] 
[2.3399999  4.88100039] 
[6.46599968 3.34300017] 
[4.05900029 2.5340013 ] 
[3.28700022 4.17900031] 
[4.13400064 3.25499953] 
[7.13625856 6.46829266] 
[5.71399953 4.02699998] 
[5.17700001 4.88900015] 
